PROFILE 3
BEGIN
MATRIX K=8 L=31
  31    A    C    D    E    F    G    H    I    K    L    M    N    P    Q    R    S    T    V    W    Y    .
   0    1    0    1    0    0    0    0    2    0    1    0    0    0    0    0    0    0    2    0    1    0
   1    3    0    3    0    0    0    0    0    0    0    0    0    0    0    0    1    0    0    0    1    0
   2    3    1    0    1    0    0    0    0    0    0    0    0    0    0    1    0    0    2    0    0    0
   3    3    0    2    0    0    1    0    0    0    0    0    0    2    0    0    0    0    0    0    0    0
   4    2    0    3    0    0    1    0    0    0    0    0    1    0    0    1    0    0    0    0    0    0
   5    2    0    0    0    1    0    0    0    0    3    1    0    0    0    0    0    0    1    0    0    0
   6    3    0    1    1    0    0    0    0    0    0    0    0    0    0    1    0    0    1    0    1    0
   7    0    0    0    2    0    0    0    0    0    0    0    0    0    2    2    1    0    0    0    1    0
   8    3    0    0    0    1    0    0    0    0    1    2    0    0    0    0    0    0    0    1    0    0
   9    4    2    0    1    0    0    0    0    0    0    0    0    0    0    0    1    0    0    0    0    0
  10    1    0    2    1    0    0    0    0    2    0    0    1    0    0    1    0    0    0    0    0    0
  11    0    0    1    0    1    0    0    0    3    0    0    0    0    1    1    0    0    0    0    1    0
  12    0    0    0    0    1    0    0    1    0    4    0    0    0    0    0    0    0    0    0    2    0
  13    0    0    0    2    0    0    0    0    1    0    1    0    0    1    3    0    0    0    0    0    0
  14    2    0    0    2    0    0    0    0    1    0    0    0    0    3    0    0    0    0    0    0    0
  15    2    0    0    0    0    0    1    0    0    2    0    1    0    0    0    0    1    0    0    1    0
  16    0    0    0    0    2    6    0    0    0    0    0    0    0    0    0    0    0    0    0    0    0
  17    0    1    0    0    0    2    0    1    0    0    0    1    0    0    0    0    0    3    0    0    0
  18    3    0    0    0    1    0    0    0    1    0    0    1    0    0    1    0    0    0    1    0    0
  19    0    0    0    1    2    0    1    0    0    0    0    0    0    0    1    0    0    3    0    0    0
  20    0    0    0    3    0    0    0    0    0    0    0    0    0    0    0    0    3    1    1    0    0
  21    1    0    0    0    0    0    0    0    2    1    0    0    0    1    2    0    1    0    0    0    0
  22    0    0    0    1    0    2    1    0    1    1    0    0    0    1    1    0    0    0    0    0    0
  23    1    0    2    0    0    0    0    0    0    0    0    1    2    0    1    0    0    0    0    1    0
  24    2    0    1    2    1    1    0    0    0    0    0    0    0    0    1    0    0    0    0    0    0
  25    1    0    2    1    0    1    0    0    0    0    0    0    1    0    0    2    0    0    0    0    0
  26    0    0    0    2    0    1    0    1    0    2    0    1    0    0    0    0    0    1    0    0    0
  27    1    0    0    0    0    1    0    0    3    1    1    0    1    0    0    0    0    0    0    0    0
  28    0    0    1    1    0    2    0    0    0    0    1    1    0    1    1    0    0    0    0    0    0
  29    0    0    0    1    0    2    0    0    1    0    0    0    0    1    2    1    0    0    0    0    0
  30    0    0    0    0    1    1    0    0    0    2    0    0    0    0    2    0    1    0    0    1    0
END
