PROFILE 3
BEGIN
MATRIX K=8 L=31
  31    A    C    D    E    F    G    H    I    K    L    M    N    P    Q    R    S    T    V    W    Y    .
   0    0    0    0    0    0    1    0    1    1    1    0    0    0    1    2    0    0    0    1    0    0
   1    0    0    0    1    0    0    0    0    2    0    0    1    2    0    2    0    0    0    0    0    0
   2    0    0    1    1    0    1    0    0    0    0    0    0    0    1    3    0    0    1    0    0    0
   3    0    0    1    1    0    0    0    2    1    1    0    2    0    0    0    0    0    0    0    0    0
   4    0    0    0    0    0    2    3    0    0    0    0    0    1    0    1    0    0    0    0    1    0
   5    0    0    0    1    0    1    3    0    1    0    0    0    0    0    0    2    0    0    0    0    0
   6    0    0    0    1    2    1    0    0    0    0    1    0    0    0    0    0    1    2    0    0    0
   7    0    1    0    0    0    1    0    0    1    1    2    0    0    0    0    1    1    0    0    0    0
   8    0    0    1    0    1    2    1    0    0    2    0    0    0    0    0    0    0    1    0    0    0
   9    0    0    0    1    0    0    2    1    0    1    1    0    0    1    0    1    0    0    0    0    0
  10    5    0    0    0    1    0    0    0    0    1    0    0    0    0    0    0    0    1    0    0    0
  11    1    0    0    1    3    0    0    0    0    0    0    1    0    0    0    0    0    0    1    1    0
  12    0    0    0    0    1    0    0    1    0    0    0    0    0    0    2    1    2    1    0    0    0
  13    0    0    0    1    0    0    0    1    0    2    0    0    0    1    0    0    0    2    1    0    0
  14    0    0    6    1    0    0    0    0    1    0    0    0    0    0    0    0    0    0    0    0    0
  15    0    0    5    0    0    0    0    0    0    0    0    0    3    0    0    0    0    0    0    0    0
  16    0    0    3    0    0    0    0    1    0    1    0    0    0    0    0    1    0    2    0    0    0
  17    0    0    1    0    0    5    0    0    0    1    0    0    0    1    0    0    0    0    0    0    0
  18    1    0    0    0    1    0    1    0    1    0    0    0    0    0    1    0    0    0    0    3    0
  19    4    0    0    0    0    0    0    0    1    0    0    0    0    0    1    0    0    1    1    0    0
  20    1    0    0    0    2    0    0    2    0    1    0    0    0    0    0    1    0    0    0    1    0
  21    1    0    3    3    0    0    0    0    0    0    0    1    0    0    0    0    0    0    0    0    0
  22    1    0    0    0    0    0    0    1    0    2    0    0    0    0    3    0    1    0    0    0    0
  23    1    0    0    0    0    0    1    2    0    3    0    0    0    0    0    0    0    1    0    0    0
  24    0    0    2    1    0    0    0    0    0    1    0    1    0    0    1    1    0    1    0    0    0
  25    2    0    0    3    0    1    0    0    0    0    1    0    1    0    0    0    0    0    0    0    0
  26    1    0    1    0    0    0    0    0    0    1    0    0    0    0    1    0    1    0    0    0    0
  27    0    0    1    0    0    4    0    0    0    0    0    0    0    0    0    0    0    0    0    0    0
  28    1    0    0    0    0    0    0    0    0    1    0    0    0    0    1    0    1    1    0    0    0
  29    0    0    0    0    0    0    0    2    0    0    0    0    0    2    0    1    0    0    0    0    0
  30    0    0    0    0    0    0    0    1    0    1    0    0    1    0    0    0    2    0    0    0    0
END
