PROFILE 3
BEGIN
MATRIX K=122 L=41
  41    A    C    D    E    F    G    H    I    K    L    M    N    P    Q    R    S    T    V    W    Y    .
   0    4   11    1   17    3   31    0    0    8    1    2    0    1    2    1   31    4    3    0    2    0
   1    2   22   24   14    1    2    3    3    7    7    4    0    2    7    3   15    0    4    1    1    0
   2   17    4    3    1    0    5    0    5    3    3    0    4    9   13    4   25    3   17    0    6    0
   3   13    6    3    7    4    0    3    1    7    3    1   14   12    1    4   29    3    1    1    9    0
   4    4    6    5    8    0    3    1    0   44    6    0    2    0    4    3   13    9    9    0    5    0
   5    8    1   12    2    1    9    0   23    5    5    1    3    1    1    4   19    4   22    0    1    0
   6    3    0    1    6    6    3    3   20    4    8    0    0    7    3    4   12    0    8    3   31    0
   7    2   20    5    9    1    2    2    6    2    2    1    1    0   21    7    9   18    5    4    5    0
   8    3   22    0    2    1    5    3    2    0   10    4   15   11    0    2    3    1    2    3   33    0
   9    5    1    1    2    0    1    1    4    5   29   17    0    0    5    1    5    1   11    1   32    0
  10    4    1    8   27    0   10    4    3   23    1   27    6    2    2    2    0    1    1    0    0    0
  11    4    0   17    9    2   30    9    0   15    2    0    5    5    5    4    8    3    1    2    1    0
  12    4    0   10   28    0   14   11    0    6    0    1   34    1    4    1    2    5    0    0    1    0
  13    8    0    5    2    1    7    2    2    6    0    0    5   23    2   27    5   12    4    0   11    0
  14    6    0    2    5    0   36    0    0    2    1    0   13    4    1    1   47    4    0    0    0    0
  15   23    2    1    0    0    0   13    2    3    7    1   17    0    6    1   12   18   16    0    0    0
  16   17    0    0    0    0    3    2    9    2   10    0    1    6    0    0   25   26   21    0    0    0
  17    6    0    0   37    1    0    1    2    5    2    1    1    0    1    3   15    4   43    0    0    0
  18    7    0    4   37    0    2    6    1    4    1    2   14    1   36    1    3    1    0    0    2    0
  19    3    3   18   29    0    1    0    1    1    0    0    1    0    1    1    3   55    4    0    1    0
  20   82    1    0    3    0   13    0    1    0    0    0    0    0    1    1   15    2    3    0    0    0
  21    0    1    1    4    1    0    1    8    1   13    3    0    0    3   15    2    0    7   57    5    0
  22   61    0    7   15    1    0    0    1    5    0    0   14    0    3    5    5    4    0    0    1    0
  23    3    1    0    6    3    0   34    4    4   34   19    0    0    1    0    1    1    3    1    7    0
  24    3    0    3    0    6    0    0   32    0   38   19    0    3    0    0    0    1   17    0    0    0
  25   30    1    0    1    3   20    1    0   13    2    2   16    1   10    7    7    4    1    0    3    0
  26   10    0    2    3    6    7    0    4    9   54    1    1    0    5    3    8    1    5    2    1    0
  27    2    1    1    4    1    1    1   39    1   25   39    1    0    0    0    1    1    3    0    1    0
  28   20    3    8    6    3    2   12   34    4    6    3    1    0    1    0    3    2    9    0    5    0
  29   46    0    7   14    0    9    0    2    2    2    0    7    0    3   10   12    3    3    0    2    0
  30    3    0   13   15    0   42    1    3    4    5    1   10    1    4    8    6    2    2    0    2    0
  31   18    3    2   13    1    2    1    2    6    3    3    5    0   31    4    5    9    5    1    8    0
  32   28    0    0    2    0    2    0   10    4    7    4    0    8    1    4    3    2   14   31    1    0
  33    3    0   14   36    0    1    0    0   40    4    1    5    0    5    7    1    4    0    1    0    0
  34    2    0   12   31    0    5    4    8   12    2    1    1    1    1   31    8    1    2    0    0    0
  35    4    0   33    6    4    1    1    8    3   30   15    1    6    0    1    3    1    5    0    0    0
  36   14    1    0    3    1    2    1    1    0    4    2   46   29    3    2    6    2    4    0    1    0
  37    7    0    2   13    1    5    0    9   13    4    3    0    0    6    6    5   21   12   13    2    0
  38    4    0    4   39    0    5    2    0    7    6    1    0   31    5    5    3    4    5    0    1    0
  39    5    5    3    2    8    0    0    7    8   40    3    0    0    0   22    3    4    9    0    3    0
  40   12    0    0    3    6   21   29    0    3   28    6    0    0    1    2    2    2    4    1    1    0
END
