PROFILE 3
BEGIN
MATRIX K=22 L=31
  31    A    C    D    E    F    G    H    I    K    L    M    N    P    Q    R    S    T    V    W    Y    .
   0    0    0    1    0    0   10    0    3    0    0    0    1    0    2    2    1    2    0    0    0    0
   1    0    1    0    1    1    2    1    1    6    1    0    0    2    1    1    1    2    1    0    0    0
   2    2    0    1    0    1    0    1    6    0    3    1    0    0    0    0    0    0    4    0    3    0
   3    0    0    0    0    2    0    1    0    2    3    0    0    1    0    1    2    0   10    0    0    0
   4    0    1    3    2    3    0    1    2    0    1    3    1    0    0    0    1    4    0    0    0    0
   5    5    0    0    0    0    1    1    0    2    1    0    0   10    0    1    1    0    0    0    0    0
   6    1    0    0    0    0   13    1    0    0    0    0    0    5    0    1    0    0    0    0    1    0
   7    0    0    0    0    7    5    0    1    2    1    1    0    1    0    0    0    1    2    0    0    0
   8    0    0    1    0    1    0    0   10    0    1    0    0    0    0    0    0    2    7    0    0    0
   9    1    0   15    3    0    0    0    0    0    2    0    1    0    0    0    0    0    0    0    0    0
  10    0    0    0    1    0    1    1    1    0    2    0    0    5    1    0    1    7    1    1    0    0
  11    0    0    0    1    0    0   21    0    0    0    0    0    0    0    0    0    0    0    0    0    0
  12    1    0    0    2    0    0    1    5    0    1    0    2    0    0    0    0    4    6    0    0    0
  13    0    0    1    0    0    0   20    0    0    1    0    0    0    0    0    0    0    0    0    0    0
  14    1    0    1    0    2    2    1    4    0    9    0    0    0    0    0    0    0    1    1    0    0
  15    0    2    6    1    0    1    1    6    0    0    0    0    2    0    1    0    0    1    0    1    0
  16    1    1    3    0    1    5    0    0    0    1    2    2    0    0    0    1    2    1    1    1    0
  17    2    0    0    0    0    4    1    0    1    1    1    0    5    1    0    2    2    1    0    1    0
  18    2    0    4    0    1    1    0    2    0    4    0    0    0    4    0    4    0    0    0    0    0
  19    2    0    2    0    2    3    0    1    2    4    2    0    0    3    0    0    1    0    0    0    0
  20    3    0    2    1    1    3    0    1    2    1    0    1    2    0    1    0    2    2    0    0    0
  21    1    0    2    4    2    2    1    0    2    0    3    1    1    0    0    0    3    0    0    0    0
  22    0    0    2    1    2    1    0    0    0    2    0    3    0    2    2    0    4    3    0    0    0
  23    6    1    1    0    0    0    0    2    1    0    0    2    2    0    3    1    1    1    0    1    0
  24    3    0    1    1    1    1    0    0    2    4    1    3    1    0    0    1    1    2    0    0    0
  25    3    0    5    0    2    0    0    0    0    0    0    0    1    0    2    0    2    1    4    2    0
  26    0    1    1    0    2    0    0    0    0    2    0    3    3    0    1    4    2    1    0    2    0
  27    0    0    1    4    2    5    1    1    1    0    0    0    0    2    1    1    3    0    0    0    0
  28    1    0    1    2    3    0    0    3    2    3    1    0    1    0    0    3    0    2    0    0    0
  29    0    0    3    5    2    1    0    0    1    0    0    0    0    0    1    3    5    0    1    0    0
  30    1    0    0    3    1    4    0    2    0    0    0    0    0    1    3    1    4    1    0    0    0
END
