PROFILE 3
BEGIN
MATRIX K=22 L=31
  31    A    C    D    E    F    G    H    I    K    L    M    N    P    Q    R    S    T    V    W    Y    .
   0    2    0    0    1    3    1    0    3    0    4    1    0    3    0    1    0    1    1    0    1    0
   1    2    0    0    0    0    4    5    0    1    3    0    0    0    2    1    3    0    1    0    0    0
   2    1    2    2    2    1    0    1    2    0    4    4    0    1    0    0    0    0    2    0    0    0
   3    4    2    0    1    0    1    0    2    1    3    1    0    0    0    2    2    1    0    0    2    0
   4    1    1    0    2    0    4    1    3    1    2    2    1    0    0    0    0    2    2    0    0    0
   5    1    0    0    1    0    2    0    0    4    3    0    0    0    0    5    2    0    2    1    1    0
   6    0    1    3    2    0    4    3    1    1    1    0    0    1    0    0    4    0    1    0    0    0
   7    0    0    1    1    1    1    1    2    0    0    0    2    2    2    1    1    2    4    0    1    0
   8    1    0    2    3    0    3    0    1    0    0    0    0    5    1    2    0    3    1    0    0    0
   9    0    0    4    4    0    2    1    0    0    0    0    1    1    1    0    7    1    0    0    0    0
  10    1    0    3    0    1    1    0    1    1    4    0    2    1    1    1    3    0    0    2    0    0
  11    1    0    2    1    0    0    0    3    0    2    1    0    2    0    0    3    4    3    0    0    0
  12    3    0    2    5    0    1    0    1    0    2    0    0    2    4    0    1    0    1    0    0    0
  13    2    0    0    7    2    1    1    0    0    2    0    1    1    0    1    4    0    0    0    0    0
  14    0    0    0    4    3    0    0    2    0    5    1    1    0    1    0    1    1    3    0    0    0
  15    2    0    0    3    0    0    0    0    1   11    1    0    0    0    2    0    0    2    0    0    0
  16    0    0    3    8    0    1    0    0    5    0    0    0    1    0    3    1    0    0    0    0    0
  17    1    0    2    5    1    0    1    0    1    3    1    0    0    3    1    0    0    2    1    0    0
  18    2    2    0    0    0    1    2    7    0    3    0    0    0    1    0    0    0    3    0    1    0
  19    2    0    3    2    1    0    0    0    3    2    0    1    1    3    3    0    0    1    0    0    0
  20    7    0    2    3    0    0    0    1    3    1    0    1    0    1    0    1    0    0    0    2    0
  21    2    0    1    3    0    8    0    1    0    2    0    0    1    0    0    1    0    0    1    2    0
  22    5    0    1    1    0    5    0    3    2    0    0    2    0    0    1    0    0    1    0    1    0
  23    2    0    2    4    0    3    0    4    1    0    0    0    0    2    1    0    0    3    0    0    0
  24    1    0    2    0    2    5    0    2    1    2    1    0    0    1    0    1    1    3    0    0    0
  25    1    0    0    1    2    2    0    2    0    3    0    0    0    0    0    2    7    2    0    0    0
  26    1    0    0    2    2    5    0    2    5    0    1    0    0    0    0    1    1    2    0    0    0
  27    2    0    0    0    1    2    0    6    2    2    0    0    0    0    2    2    0    3    0    0    0
  28    3    0    0    1    0    0    3    3    4    0    1    0    0    0    2    0    1    3    0    1    0
  29    3    1    0    3    3    1    0    1    0    2    2    0    2    0    0    0    3    1    0    0    0
  30    3    0    5    1    1    4    1    1    0    2    1    0    0    0    0    0    1    1    0    1    0
END
