PROFILE 3
BEGIN
MATRIX K=8 L=31
  31    A    C    D    E    F    G    H    I    K    L    M    N    P    Q    R    S    T    V    W    Y    .
   0    2    0    0    0    0    0    0    0    1    1    1    1    0    0    1    1    0    0    0    0    0
   1    1    0    0    0    0    0    0    1    0    1    0    0    1    0    3    0    0    0    0    1    0
   2    2    0    1    0    0    0    0    1    1    2    0    0    0    0    1    0    0    0    0    0    0
   3    1    0    1    0    0    0    0    0    0    0    0    0    1    0    0    3    2    0    0    0    0
   4    0    0    0    0    1    0    0    1    0    0    0    0    5    0    0    0    0    1    0    0    0
   5    0    0    0    0    1    0    1    1    0    0    0    1    0    0    1    0    1    0    0    2    0
   6    0    0    0    1    0    0    0    0    1    0    0    1    2    0    1    1    0    1    0    0    0
   7    1    0    1    2    0    2    0    0    0    0    0    0    1    0    1    0    0    0    0    0    0
   8    2    0    1    0    0    0    0    1    0    0    1    0    0    0    0    0    0    3    0    0    0
   9    1    0    0    1    0    1    0    0    1    2    1    0    1    0    0    0    0    0    0    0    0
  10    0    0    1    2    0    1    0    0    0    1    0    0    0    3    0    0    0    0    0    0    0
  11    1    1    0    0    0    1    0    0    0    1    0    0    0    0    0    2    1    1    0    0    0
  12    1    0    0    0    0    0    0    4    0    3    0    0    0    0    0    0    0    0    0    0    0
  13    2    0    0    0    0    0    0    1    3    0    0    0    0    1    1    0    0    0    0    0    0
  14    1    0    1    3    0    0    0    0    0    1    1    0    0    0    0    1    0    0    0    0    0
  15    0    1    0    0    0    0    0    0    0    7    0    0    0    0    0    0    0    0    0    0    0
  16    1    0    0    0    0    0    0    0    3    0    1    0    0    0    3    0    0    0    0    0    0
  17    0    0    2    1    0    0    0    0    1    0    0    1    1    0    1    1    0    0    0    0    0
  18    2    0    0    0    0    0    0    0    1    1    0    1    0    0    3    0    0    0    0    0    0
  19    0    0    1    0    0    5    0    0    2    0    0    0    0    0    0    0    0    0    0    0    0
  20    0    0    0    0    1    0    0    4    0    1    0    0    0    0    1    0    0    0    0    1    0
  21    1    0    0    0    0    0    0    0    3    0    0    0    0    1    1    0    1    1    0    0    0
  22    0    0    0    0    0    0    0    3    0    1    0    0    0    0    0    0    1    3    0    0    0
  23    4    1    0    0    0    1    0    1    0    1    0    0    0    0    0    0    0    0    0    0    0
  24    0    0    0    0    0    0    0    2    0    1    1    0    0    0    0    2    0    2    0    0    0
  25    1    0    0    0    0    0    0    1    0    2    0    1    0    0    0    0    1    2    0    0    0
  26    0    0    0    0    0    1    0    0    0    0    0    0    0    0    0    4    3    0    0    0    0
  27    2    0    0    0    0    4    0    0    0    0    0    2    0    0    0    0    0    0    0    0    0
  28    0    0    1    0    0    2    0    0    0    0    0    1    1    0    1    1    0    0    0    1    0
  29    0    0    2    0    1    0    0    0    1    0    0    1    0    0    0    1    1    0    1    0    0
  30    0    0    1    0    0    0    0    0    1    1    1    1    1    0    1    1    0    0    0    0    0
END
