PROFILE 3
BEGIN
MATRIX K=122 L=31
  31    A    C    D    E    F    G    H    I    K    L    M    N    P    Q    R    S    T    V    W    Y    .
   0    3    1    5    6    2    0    1    4    7    9   11    3    4    2    9   15   32    6    0    2    0
   1   18    1    3   18    2    1    1    4    5    4    1    3   11    5    4   14   11    6    0   10    0
   2   10    2    9   33    4    0    3    2   13    5    1    6    3    6    0    6   10    9    0    0    0
   3   20    0   12    4    0    2    4    3    7    2    3    8    8    5    1   18   15    8    0    2    0
   4   15    1    7    7    0    3    0    4    6   10    0    5    9    2    1   12   12   25    0    3    0
   5   13    0   17   19    2    4    2    5    3    8    0    6    2    7    2    9   18    4    0    1    0
   6    7    0   17   15    2    3    2    8    4    5    1    3    7    9    7    9   17    3    0    3    0
   7   22    2    5   11    4    9    7    3    1    1    1    4    2    3    1   19   26    1    0    0    0
   8    6    2    1    6    0    1    2   23    1   41    4    0    2    3    3    3    7   17    0    0    0
   9    7    1    5    7    0    3    1    5   11    2    2    3   13   12   32    5    3   10    0    0    0
  10    7    0    2    1    2    0    0    3   12    1    0    4    3    2   71    5    6    1    0    2    0
  11   32    0    2    0    0   24    0    3    1    3    0    0   11    2   31    9    2    0    2    0    0
  12    7    0    0    1   13    1    0   18    3   18    3    1    0    4    4   18    9   21    0    1    0
  13   22    1   10   12    0   19    7    1    2    2    0    7    0    3   10   16    9    1    0    0    0
  14    5    0   14    3   31    3    6    9    0    4    1   19    1    3    8    0    0    3    0   12    0
  15    3    0    0    1   24    0    8    7    0   26    1    2    2    0    1    2    1    4    3   37    0
  16    5    0    1    6   13    1   16    0    3   14    0    4    9   12    4   31    2    1    0    0    0
  17   13    0    5    1    0    7    1    2    4    3    0    3   38    0    5   22   17    0    0    1    0
  18    6    2    0    2    2    5    1   13    2   30    1   14    2    1    5   25    3    6    0    2    0
  19    1    0    0    2    1    0    1    8    3   25    8    0    3   54    7    2    1    4    2    0    0
  20   26    0    5    1    1    4    1    3    2   14    0    3    0    2    6    4    4    0   39    7    0
  21    7    0   32   11    0    8   13    1    2    1    0    7    9    6    4   15    2    2    0    2    0
  22    4    0   68   10    6    2    6    1    1    2    0    4    2    1    1    3    1    2    0    7    0
  23   12    1   21    1    3   54    5    0    0    1    1    4    2    1    4    8    0    0    0    0    0
  24    1    0    0    0   24    4   39    4    5    4    0    4    0    2    5    3    3    1    1   18    0
  25    4    0    4    0    1    3    3   29    0    9    0    2    1    1    1    2    0    2   53    3    0
  26    7    0    0    1    1    2    1    2    1   12    0    1   31   25    1    9    4    9    9    2    0
  27   18    6    2    5   13   26    1    0    1    2    0    2    3    0    4   33    1    1    0    0    0
  28    1    3   17   30    2    0    1    5    1   34    1    1    7    3    1    7    2    2    0    0    0
  29    2    1    7    7    5    1    1    9    4   20    0   18    2    2    2   15    1    2    0   19    0
  30   11    0    7   15    0   17    0    4    3   11    1    4    1    0    3   19   14    4    0    2    0
END
