PROFILE 3
BEGIN
MATRIX K=8 L=31
  31    A    C    D    E    F    G    H    I    K    L    M    N    P    Q    R    S    T    V    W    Y    .
   0    0    0    0    0    1    1    0    0    0    0    2    1    0    0    2    1    0    0    0    0    0
   1    0    0    4    0    1    1    0    1    0    1    0    0    0    0    0    0    0    0    0    0    0
   2    0    0    3    0    0    0    0    1    0    0    0    0    1    1    0    2    0    0    0    0    0
   3    2    0    0    0    1    0    0    1    0    2    0    0    1    0    0    0    0    1    0    0    0
   4    3    0    0    0    0    0    0    1    0    2    0    0    1    0    0    0    0    1    0    0    0
   5    0    0    0    0    0    0    0    0    1    3    0    0    0    1    0    0    0    3    0    0    0
   6    2    0    0    2    0    0    0    0    0    0    1    1    0    0    1    1    0    0    0    0    0
   7    1    0    0    1    0    0    1    0    1    0    1    1    0    0    2    0    0    0    0    0    0
   8    3    1    0    0    0    0    0    1    0    0    1    0    0    1    1    0    0    0    0    0    0
   9    0    0    0    1    0    2    0    1    1    1    0    1    0    0    1    0    0    0    0    0    0
  10    1    0    0    2    0    0    0    0    0    4    0    0    0    1    0    0    0    0    0    0    0
  11    1    0    1    0    0    1    0    0    1    0    0    0    0    0    1    1    2    0    0    0    0
  12    0    1    2    0    0    1    0    0    0    2    0    0    0    1    0    0    0    0    0    1    0
  13    0    0    0    0    0    3    1    0    1    0    0    0    0    0    1    1    0    0    0    1    0
  14    0    0    0    0    4    0    0    1    0    1    0    0    1    0    1    0    0    0    0    0    0
  15    1    0    6    0    0    0    0    0    1    0    0    0    0    0    0    0    0    0    0    0    0
  16    2    1    0    0    2    0    1    0    0    1    0    0    0    0    0    0    0    0    0    1    0
  17    1    1    0    0    1    0    0    1    0    3    0    0    0    0    0    0    0    1    0    0    0
  18    1    0    0    0    3    0    0    2    0    1    0    0    0    0    0    0    0    1    0    0    0
  19    2    0    1    1    0    0    0    0    0    1    0    0    0    0    0    2    1    0    0    0    0
  20    0    0    0    0    0    1    0    0    0    0    0    1    2    0    1    1    0    2    0    0    0
  21    1    1    3    0    0    0    0    0    1    0    0    0    0    0    1    0    0    1    0    0    0
  22    1    0    1    2    0    0    0    0    0    2    0    0    1    1    0    0    0    0    0    0    0
  23    0    0    0    1    0    0    0    1    1    0    0    0    1    0    0    0    0    4    0    0    0
  24    1    0    0    0    0    1    0    0    1    0    0    0    1    1    1    1    0    1    0    0    0
  25    2    0    0    1    0    0    1    0    1    0    1    0    0    0    0    0    0    2    0    0    0
  26    0    0    1    0    1    1    0    1    1    0    0    0    0    0    0    1    1    0    0    1    0
  27    1    0    0    0    0    1    0    0    4    0    0    0    0    0    1    1    0    0    0    0    0
  28    0    1    0    0    0    0    0    0    2    0    0    0    5    0    0    0    0    0    0    0    0
  29    1    0    1    1    1    0    1    1    0    1    0    0    0    0    0    0    0    0    0    1    0
  30    0    0    1    0    0    0    0    0    0    0    0    1    4    0    0    0    1    1    0    0    0
END
PROFILE 3
BEGIN
MATRIX K=15 L=31
  31    A    C    D    E    F    G    H    I    K    L    M    N    P    Q    R    S    T    V    W    Y    .
   0    0    0    0    0    5    0    0    1    0    2    3    0    0    2    0    0    0    0    1    1    0
   1    1    0    0    0    1    0    1    0    0    2    1    0    0    0    0    2    7    0    0    0    0
   2    4    2    0    0    0    6    0    0    0    0    0    2    1    0    0    0    0    0    0    0    0
   3    0    0    1    0    0    0    0    0    3    0    0    0    0    1    8    1    1    0    0    0    0
   4    0    0    0    0    0    0    0    0    2    2    0    1    2    1    3    1    2    1    0    0    0
   5    0    0    0    0    3    0    0    4    1    3    2    0    0    0    0    0    0    0    0    2    0
   6    0    0    3    0    0    2    0    0    2    0    1    0    1    1    0    2    2    0    0    1    0
   7    7    0    0    0    0    4    0    0    0    0    0    0    2    1    0    0    0    0    0    1    0
   8    2    0    3    2    0    0    0    0    3    0    0    0    0    3    1    1    0    0    0    0    0
   9    1    0    1    9    0    0    0    1    1    0    0    0    0    1    1    0    0    0    0    0    0
  10   12    0    0    0    0    1    0    0    0    0    1    0    0    0    0    0    0    0    0    1    0
  11    1    2    0    1    0    0    1    0    3    6    0    0    0    0    1    0    0    0    0    0    0
  12    4    0    3    2    0    0    0    0    1    0    0    0    0    1    4    0    0    0    0    0    0
  13    1    0    0    0    0    0    0    2    1    1    3    1    0    0    0    1    0    3    2    0    0
  14    0    0    1    0    0   14    0    0    0    0    0    0    0    0    0    0    0    0    0    0    0
  15    0    0    0    0    1    0    0    2    0   11    0    0    0    0    0    0    0    1    0    0    0
  16    1    0    0    0    0    0    0    4    0    1    0    0    0    0    0    0    0    9    0    0    0
  17    0    0    3    0    0    0    0    0    0    0    0    6    0    0    0    6    0    0    0    0    0
  18    0    0    0    2    0    0    2    0    3    1    0    0    0    1    4    0    1    1    0    0    0
  19    0    2    0    0    0    0    0    1    0    1    0    1    0    0    0    1    0    9    0    0    0
  20    1    0    0    0    5    0    0    0    0    1    0    0    0    0    0    0    0    7    0    1    0
  21    0    0    0    4    0    0    0    0    0    1    0    1    7    0    0    2    0    0    0    0    0
  22    0    0    1    1    0    0    1    0    1    2    0    0    1    1    1    0    1    1    0    0    0
  23    3    0    3    1    0    1    0    0    1    0    0    0    0    0    1    1    0    0    0    0    0
  24    0    0    2    4    0    0    0    0    0    0    0    0    0    2    0    0    3    0    0    0    0
  25    0    0    0    0    2    0    0    0    0    6    0    0    0    0    0    0    0    3    0    0    0
  26    0    0    1    2    0    0    1    0    0    0    3    0    0    0    2    0    1    1    0    0    0
  27    1    0    1    4    0    0    0    0    1    1    0    1    0    1    0    1    0    0    0    0    0
  28    0    0    0    4    0    0    0    1    1    0    0    2    0    0    0    0    1    2    0    0    0
  29    6    0    0    0    0    0    0    1    0    0    0    0    0    0    0    0    2    2    0    0    0
  30    1    0    0    0    0    0    0    2    1    0    1    0    0    1    2    1    0    1    1    0    0
END
