PROFILE 3
BEGIN
MATRIX K=122 L=31
  31    A    C    D    E    F    G    H    I    K    L    M    N    P    Q    R    S    T    V    W    Y    .
   0    3    0   45    8    1    2    0    2    6    1    0   10    0    0    1    6   32    4    0    1    0
   1    8    1    2    2    1    1    2    6    0   36   34    0   11    1    3    7    2    4    0    1    0
   2    7    0    1    0   37    0    1   15    2   21    1    5    0    0    1   16    7    4    0    4    0
   3   13   12    5   18    0   26    4    1    4    0    0    1    1   15    5    3   12    2    0    0    0
   4    0    0    1    1    0    0    8    0    8    5    0    1    0   15   22   21   39    0    0    1    0
   5   13    1    0    1    5    0    0    9    0   54    0    0    1    0    0    1    7   30    0    0    0
   6    5    0    0   30    0    0    1    3    8   38    3    4    3    4    1    8    1    3   10    0    0
   7   14    2    0    0    4    3    1    6    0   28   16   23    1    4    1   11    3    3    2    0    0
   8    0    0    0    2    0    0    0   29    0    0    0    1    4    0    1    1    0   29    0   55    0
   9    2    0   49    1    5    0    2   14    0    1    3    2    1    0    5    1    5   26    2    3    0
  10   25   12   13    2    0    3    1    6    1    2    0    6    0    5    2   18   21    5    0    0    0
  11    0    0    0    0    2    0    0   11    0   80    9    0    0    3    1    0    1   15    0    0    0
  12    1    1    0   24    0    2    3    0   14    2    1    0    1   23   44    2    1    3    0    0    0
  13    2    3    0    0    1    0    1   18    5   29    7    2    1    0   41    4    2    2    0    4    0
  14    3    0    0    0    1    0    0    8    0  100    3    0    1    0    0    3    0    3    0    0    0
  15    2    2    0    0    0  110    0    0    4    1    1    0    0    0    1    1    0    0    0    0    0
  16    1    1    6   29    0    0    2   32    3   16    4    1    0    1    0    2    2   21    0    1    0
  17    8    1   18    8    1   25    1    0    2    1    0    4   11    0    0   35    4    1    0    2    0
  18   17    1    3    4    0    2    5    4    2    5    0    0   24    1   26    0    2    2    0   24    0
  19    3    0   31    5    7    2   44    0    5    3    0    9    0    3    2    1    3    1    0    3    0
  20    8    0   18    5   53   14    9    0    0    2    0    0    0    1    3    2    4    1    0    2    0
  21    1    0    7   24    0   24    0    1   15    7    2    0   22   11    5    0    1    2    0    0    0
  22    9    0   19   12    0    2   13    1   14    1    1    8    7   13    5    4    4    9    0    0    0
  23    6    2    9   56    0   13    3    0    2    5   14    4    0    4    1    1    1    1    0    0    0
  24   14    1    5    0    2    1    0   59    5    3    3    8    0    2    1    5    2   11    0    0    0
  25   14    0    8   13    0    0    1    1   40    3    9    4    1    6   15    3    1    3    0    0    0
  26   28   10    9   22    0    5    3    0    3    2    3    8    0    6    6    8    3    6    0    0    0
  27   27    3    3    4    0    3    1   19   13    5    1    0    0    2   25    4    7    5    0    0    0
  28   11    0    1    8    0   10    0    5    6   53    3    4    0    2   12    2    2    1    0    2    0
  29   15    1   28    5   10    6    2    1    4    5    1    6    0    3   14    4    8    3    5    1    0
  30    4    1    6    4    4    5    4   16   13    7    2    7    0    3   17    8    2    2    1   16    0
END
