PROFILE 3
BEGIN
MATRIX K=26 L=31
  31    A    C    D    E    F    G    H    I    K    L    M    N    P    Q    R    S    T    V    W    Y    .
   0    4    0    2    8    0    0    0    0    2    1    1    0    0    2    2    3    0    1    0    0    0
   1    3    0    3    5    0    0    0    2    6    4    0    1    0    0    1    0    1    0    0    0    0
   2    0    0    0    1    0   12    1    0    5    0    0    0    1    3    2    0    1    0    0    0    0
   3   10    0    1    0    0    3    0    2    0    2    0    0    0    0    1    7    0    0    0    0    0
   4    5    8    0    0    0    1    0    3    0    0    0    0    0    0    1    0    0    7    0    1    0
   5    0    0   11    1    0    0    2    0    1    0    0    4    0    1    4    2    0    0    0    0    0
   6    4    2    0    0    0    0    0    7    0    2    1    0    0    0    0    4    0    2    1    1    0
   7    1    0    0    0    3    0    0    7    0    7    1    0    2    0    0    0    0    5    0    0    0
   8    1    0    0    0    0    0    0    0    0    8    1    5    0    6    2    2    0    1    0    0    0
   9    2    0    0    0    1    0    0    8    0    9    0    0    4    0    0    0    2    0    0    0    0
  10    0    0    7    0    0    1    0    0   17    0    0    0    0    0    0    0    1    0    0    0    0
  11    2    1    0    0    1    0    0    3    0    7    0    0    4    0    0    0    2    6    0    0    0
  12    3    3    1    0    0    2    2    0    0    0    2    7    3    0    0    1    2    0    0    0    0
  13    0    0    3    0    2    0    2    0    4    2    0    3    0    6    3    0    0    0    1    0    0
  14    3    1    0    0    0    0    0    8    0    2    2    1    0    0    0    1    2    4    2    0    0
  15    0    0    0    0    0   23    0    0    0    0    0    0    0    0    0    0    2    0    0    1    0
  16    0    0    0    0    0   17    0    0    0    0    2    0    0    0    0    4    3    0    0    0    0
  17    0    0    0    0    0    0    0    8    0    7    1    0    1    2    0    0    0    6    0    1    0
  18    1    1    0    1    0    2    2    0    0    1    0    1    0    0    1    5   11    0    0    0    0
  19    2    0    0   11    0    4    0    0    1    0    0    3    1    0    0    3    1    0    0    0    0
  20    8    1    0    0    0    0    0    2    0    1    1    0    0    0    0    3    4    4    1    1    0
  21    1    0    0    1    1    0    0    5    0    7    1    0    0    2    5    0    0    2    0    1    0
  22    3    0    3    3    0    0    0    0    9    0    0    0    0    1    5    0    0    2    0    0    0
  23   10    0    0    0    0    0    0    7    0    1    0    0    0    1    0    1    3    3    0    0    0
  24   11    1    0    0    0    0    2    3    0    1    0    1    0    2    0    2    0    2    0    0    0
  25    7    0    2    3    0    1    1    0    3    2    2    0    0    3    0    0    1    0    0    0    0
  26    1    2    1    1    2    0    0    1    0    7    4    0    0    0    0    0    0    4    0    3    0
  27   16    6    0    0    0    0    1    0    0    1    0    1    0    0    0    1    0    0    0    0    0
  28    2    0    0    9    1    0    1    0    6    0    1    1    0    3    1    1    0    0    0    0    0
  29   12    0    1    4    1    0    0    0    2    2    0    0    0    1    0    1    1    0    1    0    0
  30    5    1    0    0    3    2    3    0    0    1    0    6    0    1    1    1    0    0    0    2    0
END
