PROFILE 3
BEGIN
MATRIX K=122 L=41
  41    A    C    D    E    F    G    H    I    K    L    M    N    P    Q    R    S    T    V    W    Y    .
   0    0    0    8    4    5    6    1    4   12    4    1   13   51    2    1    2    7    1    0    0    0
   1    2    2   13    5   14   20    2   19    2    7    8    6    1    3    0    3    4   10    0    1    0
   2    6    0    8   14    7    4   40    1    8    1    0   10    0    9    3    3    4    4    0    0    0
   3    3    1    6    4   18    7    0   13    4    7    2    6   35    3    1    5    2    4    0    1    0
   4   13    3    3    3    6   46    0    5    1    3    1    4    1    1    2    9    4    2    3   12    0
   5    3   12   13   16    3    2    1    2   28    1    1    6    1    1   22    6    4    0    0    0    0
   6    3    3    0    3   31    2    2    4    1    9   29    0    0    1    3   12    4    5   10    0    0
   7   10    0    3    1    1    7    0    3   21   11    0    8    4    0    2   14    3    3   31    0    0
   8    6   31    3   15    0   10    0    7    7    2    1    1    3    1    1   18    5    5    0    6    0
   9    2    1    5    1    6    3   22    0    1    4    0    2    0   13    2   18    5    5   14   18    0
  10   14   26    4    2    4    1    1    5    3   24    1    2    1    0    0   10   15    5    0    4    0
  11    7    1    3   10    3    3    2    1    6    2    2    2    0    1   60    5    9    2    0    3    0
  12    6    0   10   11    0    7    0    3   12   10   19    6    0    9    5   13    9    2    0    0    0
  13    3    1   35   10    0    3    3    5    0    2    0    6    0    3    0    4   10   34    2    1    0
  14    2    2    0    1   12    0    0   23    0    4    6    0    0    0    0    2   16   20    0   34    0
  15    6    0    1    1    3    1    3    6   16   23   15    1    0    2   20    2    4   15    0    3    0
  16    4    2    6    0    0   35    0    0    1    2    0    1   51    0    1   13    4    2    0    0    0
  17    1    1    0    0    3    0    0    7    0   39   53    0    0    0    0    2    0   16    0    0    0
  18    2    2    3    0    1    4    0    3    0   57    4    0    0    0    0   38    3    3    0    2    0
  19    1    1    2   10    0    1    0   10    1    3    0   20    0    9    0   15    2    7    0   40    0
  20    0    2    0    0    0    0    3    6    0   92    1    2    1    0    2    0    3   10    0    0    0
  21    2    3    0    0   17    0    2    0    0    5    3    2    1    2    0    4    0    2    1   78    0
  22   11    0    7   32    1   33    2    1    4    1    0    2    0    0   19    4    3    0    0    2    0
  23   50    1    0    3    0    3    1    2   34    5    0    1    1    4    8    3    1    2    0    3    0
  24    8    0    0    0    0    0    0    0   20    0    0    0    3    2   33   50    5    1    0    0    0
  25    1    0    2    3   43    0    9    0    0   15    0    3   13    9    2    1    4    2    3   12    0
  26    2    1    1    0    2    2    3   18    1   26    3    1    0    2    4    4    4   47    0    1    0
  27   23    6    2    2    3   30    0    2    0   19    0    1    1    0   12   16    0    1    0    4    0
  28    4    0    6    4   21    3    0    3    6    2    3    1   32    4    9    2   11    9    0    2    0
  29    3    0    4   16    2    1    9   26    6    8    2    6   23    4    4    0    2    4    0    2    0
  30    1    0    7    7    0   37    2    2    2    3    0    5    7    2    4   11   32    0    0    0    0
  31    3    0   11   53    1    7    1    0    2    2    0    1   30    2    2    7    0    0    0    0    0
  32    3    0   15    7    2    6    0    5   16   31    1    4    2    3    4    5   17    0    1    0    0
  33    7    1    3    1    0    0    0   51    6    6    1    1    1    0    1    5   10   28    0    0    0
  34    0    1    2    4    1    3    1    4    5   51   23    1    3    5   11    2    3    2    0    0    0
  35    4    1   17   31    1    2    7    3    5   13    1    0    0   10    2   19    1    5    0    0    0
  36    1    0   13   32    0    1    2    3    4   45    0    2    4    2    4    2    4    3    0    0    0
  37   46    1    3   14    1    1    3    0    1    1    0    2    0    4   39    1    3    2    0    0    0
  38    5    1    1   25    1    0    0   10   21   21    3    5    0    7   18    1    2    0    1    0    0
  39    9    0    6   45    9    1    1    9    3    5    0    2    0    2    9    5    2    7    1    6    0
  40    5    1    1    1   42    1    0    7    1   38    0    1    4    0    2    6    6    3    0    3    0
END
