PROFILE 3
BEGIN
MATRIX K=22 L=41
  41    A    C    D    E    F    G    H    I    K    L    M    N    P    Q    R    S    T    V    W    Y    .
   0    1    0    0    1    3    5    0    0    1    1    1    1    0    2    0    2    3    1    0    0    0
   1    0    0    0    0    1    3    0    0    2    5    0    0    0    3    3    0    0    5    0    0    0
   2    0    0    3    2    0    0    0    1    5    1    1    3    0    0    3    2    0    1    0    0    0
   3    0    0    4    4    2    1    0    0    2    2    0    2    2    1    2    0    0    0    0    0    0
   4    0    0    2    0    0    6    0    1    2    0    3    1    0    0    2    1    2    0    0    2    0
   5    0    0    1    0    1    7    0    0    1    1    0    6    0    0    4    0    0    1    0    0    0
   6    1    2    0    1    7    0    0    2    0    3    0    0    1    1    1    0    0    2    1    0    0
   7    1    0    2    1    0    0    0    1    0    2    0    0    3    0    2    6    4    0    0    0    0
   8    1    0    0    3    0    0    0    4    1    4    0    1    0    4    1    0    0    2    1    0    0
   9    2    0    1    7    0    0    2    0    3    0    0    2    0    0    1    1    3    0    0    0    0
  10    0    0    3    4    1    1    0    0    0    1    0    0    0    2    4    0    4    1    0    1    0
  11    2    1    1    1    5    0    0    1    0    5    0    0    0    0    0    0    0    4    0    2    0
  12    5    0    1    1    0    0    0    1    4    3    0    1    0    0    0    1    0    5    0    0    0
  13    2    0    2    2    1    3    1    0    3    1    0    1    0    0    3    1    0    1    1    0    0
  14    2    1    0    0    0    0    0    5    3    3    2    0    1    0    0    0    1    3    0    1    0
  15    1    0    0    0    0    0    0    0    0    3    2    2    0    0    0    3    6    3    0    2    0
  16    2    1    0    1    0    0    1    3    0    0    0    0    0    0    1    4    5    3    0    1    0
  17    0    0    2    3    0    1    1    2    0    0    0    5    0    0    0    1    5    0    0    2    0
  18    3    0    1    0    0    2    0    0    2    1    0    8    1    0    2    2    0    0    0    0    0
  19    6    0    0    0    0    1    0    1    0    1    0    0    9    0    1    1    1    1    0    0    0
  20   12    1    0    0    0    0    0    1    3    1    0    0    0    1    2    1    0    0    0    0    0
  21    3    0    0    0    1    1    0    2    5    1    0    0    0    2    3    2    1    1    0    0    0
  22    2    0    0    1    5    0    0    0    1    5    0    0    0    2    0    2    1    2    0    1    0
  23    0    0    0    0   10    2    2    0    0    6    1    1    0    0    0    0    0    0    0    0    0
  24    0    0    0    2    1   10    0    1    0    4    0    1    0    1    0    2    0    0    0    0    0
  25    2    0    0    0    1    1    0    4    0    5    1    0    5    1    0    0    0    1    0    0    0
  26    2    0    2    2    4    0    1    0    2    0    0    0    0    0    0    1    3    2    0    1    0
  27    0    0    3    6    0    1    1    0    0    2    0    1    4    0    0    1    0    0    0    1    0
  28    0    0    1    3    0    2    0    0    2    0    0    0    0    3    6    0    0    1    0    1    0
  29    2    0    0    0    0    4    0    1    8    0    0    0    0    0    0    0    1    2    0    0    0
  30    1    0    0    1    1    7    0    1    2    0    0    0    0    1    1    3    0    0    0    0    0
  31    1    0    0    3    0    0    0    4    0    0    0    1    0    0    0    3    4    1    0    0    0
  32    1    0    0    3    0    1    0    4    0    5    0    0    0    1    0    0    0    2    0    0    0
  33    2    0    0    4    0    1    0    0    0    3    0    1    2    1    0    0    2    1    0    0    0
  34    0    0    1    1    0    4    0    0    0    0    0    0    0    1    0    1    0    8    1    0    0
  35    2    0    0    0    0    7    0    0    1    1    0    2    0    0    2    0    1    0    0    1    0
  36    1    0    1    1    1    0    0    0    3    2    0    1    1    0    1    4    0    0    0    1    0
  37    4    0    6    2    0    0    0    0    0    2    0    0    0    0    0    0    0    1    0    2    0
  38    7    0    4    1    0    0    0    1    1    1    0    0    0    1    1    0    0    0    0    0    0
  39    1    0    7    2    0    0    0    1    0    4    0    0    0    1    0    0    0    1    0    0    0
  40    0    0    0    0    0    0    0    1    0    8    0    0    1    0    0    0    0    5    0    2    0
END
