PROFILE 3
BEGIN
MATRIX K=122 L=41
  41    A    C    D    E    F    G    H    I    K    L    M    N    P    Q    R    S    T    V    W    Y    .
   0    2    0   11   19    7    0    2   12    3   41    8    0    5    5    2    1    0    4    0    0    0
   1    3    1   17    5    3    2    0   31    2   16    2   18    0    3    1    0   11    7    0    0    0
   2    4   11    6    0    6    0    0    0    3    2    0    5   18    0    3    7   44   10    0    3    0
   3    3    1    1    4    0    0    1   16    5    7    2    1   19    0    1   19   10   28    0    4    0
   4    5    0    1    2    1   45    0   19    3   21    2    1    3    2    7    1    0    9    0    0    0
   5    2    3  106    0    0    0    0    0    0    1    0    1    0    1    3    2    1    1    0    1    0
   6    1    1   56    1   14    1    3    1    0   11    4    0    2    4    0    0    0    2   17    4    0
   7   12    0    4    2    7    2    2   18   12    5    8   11    1    4    3    9   13    9    0    0    0
   8    3    1    1    1   18    5    2    4    7    2    1    1    0    0    3   13    0   12    3   45    0
   9    0    3   55    4    1    2    1    0   14    4   16    2    0    0    3    2    0    0   12    3    0
  10   13    2    0    2    2    4    5   11    0    4    0    5    0    0    7    2   15   19    0   31    0
  11    1    0    1    1   12    4    8    0    2    1    1    0   13    1   43    1    0    1    1   31    0
  12   13    3    6    2    0   47   36    0    2    1    0    5    0    4    0    0    1    0    0    2    0
  13    1    0    1    1    1    4    0   26    2    8    1    1    2    0    8   10   49    6    0    1    0
  14    0    1    0    5    2    3    1   10    7   26    7    1    4    0   11   28    4    9    0    3    0
  15    1    0   27   22    2    5    1    2   40    2    1    1   17    0    0    0    0    1    0    0    0
  16    0    0    5   53    1   57    0    0    0    0    0    0    0    2    1    3    0    0    0    0    0
  17   29    0    0    0    0   21    0    4    0   54    0    0    0    0    0   12    2    0    0    0    0
  18    4    0    1   26    3    1    1    2   10    0    0    1    0    6    3    3    3    2   56    0    0
  19   18    2    1    0    1    5    1   10    2   27    0    6   21    3    0    2   19    4    0    0    0
  20    0    0    0    0   95    0    0    1    3   14    2    0    0    0    0    0    1    0    0    6    0
  21    1    0    1    9    1    0    0    3    0    1    0    3    0    9    0   41   49    4    0    0    0
  22    9    0   30   16   11    0    4    1    0    3    3    8    2    2    1    5   21    2    0    4    0
  23   41    2    4    3    3    6    4    5    5    6    6    3    0    9    8    1    3   11    0    2    0
  24    0    1   36    1    8    0    0   21    0    5    2   17    0    1    1    1    2   26    0    0    0
  25    5    1    5   20    0    0   24    0   14    0    0    8    0   22   16    0    4    2    0    1    0
  26    1    0    0    2    4   37    2    2    7    1    1    7    1    2   44    2    1    1    2    5    0
  27    2    0    1    3    0    0    1    1    2    1    0    1    0    1    1    0    0    0   87   21    0
  28    3    0   47    2    0    0    2    2    0    1    0    7   30   16    2    2    5    3    0    0    0
  29    4    0   20    0    3    1    1   25    1    7    3    1    9    0    0    2    4   39    0    2    0
  30    3    2    3    7    0    1    0    2    6    7    0   13    0    0    0   62    3   12    0    1    0
  31   14    3   56    9    1    5    1    3    0    5    0    2    1    1    5   11    1    3    0    1    0
  32    5   38   20    2    1    0    0   19    1   14    5    0    1    0    0    0    8    6    1    1    0
  33    1    0   24   14    0    2    1    1    4    4    0    2    2    1    1    6   57    2    0    0    0
  34   46    8    3    7    0    4    2    0    4    4    0    1    0   13   11   12    6    0    0    1    0
  35    6    2    2   39    0    0    4    4    1   43    3    3    1    0    1    0    0   11    0    2    0
  36   15    3    3    1    0   21    0    1    1    2    0    2   46    1    0    7    0   19    0    0    0
  37    5    0   13   18    3    1    1    7    3   33    4    4    4    1    2    5    2   11    0    5    0
  38    2    2    0    5    1    1    1    1   39    2   11    3    0    4    5    0    1    0    2   42    0
  39   37   12    2    1    1    0    2    6    2    3   43    0    0    1    0    6    0    5    0    1    0
  40   11   11    1    4    2    0    0    4   30   19    3    0    0    9    8    3    1   16    0    0    0
END
