PROFILE 3
BEGIN
MATRIX K=122 L=41
  41    A    C    D    E    F    G    H    I    K    L    M    N    P    Q    R    S    T    V    W    Y    .
   0    0    0    5    1    4    0    4    1    1   39   12    0    1    1    0    0    3    3   41    6    0
   1    9    0    2   54    1    0    1    4    9    9    0    2    0    5    0    4    4    7    4    7    0
   2    9    0   22   11    1    1    0    5    8   35    2    2    4    1    6    5    3    6    1    0    0
   3    1    2    0    0   10    0    1   16    0   44    6   15    0    3    0    2    1    7    1   13    0
   4    9    9    2    1    7    2    3    6    4   12    2   41    0    1    3    5    0   14    1    0    0
   5    3    0   11   11    1    4    0   11   13    6    1    7   38    3    7    4    1    1    0    0    0
   6   35    1    0    0    1    7    0    6    2    2    0    4   15    2    0   23   16    2    1    5    0
   7    0    0    4   36   19    0    0    0    1    4    4    0    0    1    1    1    0    5    2   44    0
   8    8    3    0    0   16    3    1    3    2   29   14    3    1    0    2    7   13   15    0    2    0
   9    2    2   14    6   35    1    2    5    7    4    3    1    0   14    6    2    3   15    0    0    0
  10    7    1    3   64    3   17    7    1    1    6    0    1    0    1    3    5    2    0    0    0    0
  11   46    1   29    5    0   12    2    3    5    0    0    9    0    1    1    3    3    1    1    0    0
  12   13    0    1   18    0    3    0   35   32    0    1    0    0    2    2    1    5    6    2    1    0
  13    2    0    0    0    0    1    0    3    1   10   19    1    1    1    0    2    2   24   55    0    0
  14    4    0    0    1    8    2    0   42    2   16    0    3    0    0    1    5   10   14    0   14    0
  15   10    1   36   25    0    2    7    3    8    1    0    6    0    0    4    9    2    0    0    8    0
  16    5    2    5    6    0    5    9    1    2    1    1    6   17    6   10   18    7    0    0   21    0
  17    5    0    3   18    0   42    0    0    9    0    0    7   20    2    3    8    4    1    0    0    0
  18    0    2    0    1    1    0   18    2    1    4    0    0    0    1    0   11   14    2    0   65    0
  19   11    0    2   11    0    0    0    9   15   12    3    1    5    0    1    3    7   42    0    0    0
  20    3    0   18   39    0    2    0    0    5    0    0    0   53    0    0    2    0    0    0    0    0
  21    0   38    1    1    0    0    2    3    2    7    1    4    3    0    0   23   23   14    0    0    0
  22    3    0    0    1   24    0    0    2    0   17    5    0    0    1    0    5   57    6    0    1    0
  23   16    0   15   28    0    9    0    0    1    1    0    8    3    6    0   30    4    1    0    0    0
  24   17    0    6   53    0    1    4    0    0    1    0    2    1    1   13   21    0    2    0    0    0
  25   23   10    0    1    4    2    1    3    0    1    1    0    0    1    0    2    4   19    0   50    0
  26    1    0    1    0    1    0    1   36    1   37   21    0    0    0    1    0    1   16    0    5    0
  27    2    0    4   34    1    3    4    1   10    3    1    6    1   35    4    7    4    1    0    1    0
  28   31    3    0    1    2    6    1    3    0    3    9   49    1    1    0    3    5    2    0    2    0
  29   25    0    1    2    4   23    0    1    0   47    4    0    1    0    2    7    0    3    0    2    0
  30   16    2    1    2    1   10    1    7   16   10    3    2    0    0    5    8    9   15    9    5    0
  31   10    0    1    4    1    1    1   21    0   22    4    0    2   10    4   10    5   23    0    3    0
  32    2    5    0    1   42    0    0    0    2    4    3    1    0    2    0   44   12    1    1    2    0
  33    3    1    0    1    7   13    1   17   21    0    2    4    0    1   12   20    8    8    0    3    0
  34   13    0    0    8    1   31    0    1   25    8    1    3    0    6    1   11    6    3    0    4    0
  35   11    0    4    0    2    7   12    2    1   33    4    1    1    3    1    9    8    9    0   14    0
  36    5    4    3    3    8    7    8    3    3    3    3    5   17    1   13    0    3    2    3   28    0
  37    8    2    8    3    0    0    1    8    1    7    3    1   46    1    0    4   15   12    0    2    0
  38    8    2    9    5    2   19    2   20    2   10    5    3    2    3    3   10    3    9    3    2    0
  39   12    2    0    1    2    2   33    7    7   15    1    3    4    0    2    7    8    7    0    9    0
  40    4    0    3    0    0    3    0    6   12   27    1    2    3    1   37    6    9    7    1    0    0
END
