PROTOTYPE 1
BEGIN
SEGMENT 
MATRIX K=41 N=855285851 P=0.00000000 S=-0.055048 W=1.000000
50     A     C     D     E     F     G     H     I     K     L     M     N     P     Q     R     S     T     V     W     Y 
 0     5     0    10     3     0     5     0     1     2     1     0     4     1     0     0     7     2     0     0     0 
 1     0     0     3     1     0    19     0     0    13     1     0     0     0     0     2     1     1     0     0     0 
 2     3     0     0     0     4    14     2     3     1     1     0     1     0     2     2     3     3     2     0     0 
 3     1     2     1     1     4     0     0     0     0    10     3     0     0     1     4     3     3     6     1     1 
 4     4     0     0     0    11    18     2     0     0     0     0     0     0     0     0     1     1     2     0     2 
 5     0     0     0     1     1     0     0     1     0     1     1     0     0     1    31     1     1     1     1     0 
 6    27     0     0     1     0     4     1     0     0     0     0     0     0     0     0     5     2     1     0     0 
 7    14     1     2     1     0     1     0    10     0     3     2     0     0     0     1     6     0     0     0     0 
 8    11     2     0     0     0     0     0     1     0     0     0     0     0     0     0     0     0    27     0     0 
 9     0     0     0     0     0     0     1     0     0     0     0     0    39     0     0     1     0     0     0     0 
10     5     0     0     0     0     0     0     0     0     0     0     0     0     0     0    34     2     0     0     0 
11     0     0     0     0     0    40     0     0     0     1     0     0     0     0     0     0     0     0     0     0 
12    36     0     0     0     0     0     0     1     0     0     0     0     0     0     1     1     2     0     0     0 
13     0     0     0     0     0     0     0     0     0     0     0     0     0     0     0    41     0     0     0     0 
14     1     0     0     0     0     0     0     0     4     1     0     0     0     0     2     0    29     4     0     0 
15     0     0     0     0     0    41     0     0     0     0     0     0     0     0     0     0     0     0     0     0 
16     4     0     2     5     0     0     0     8     4     1     0     0     0     2     1     7     4     3     0     0 
17     2     0     0     0     6     0    12     0     5     0     0     1     0     1     4     0     1     1     0     8 
18     0     0     0    41     0     0     0     0     0     0     0     0     0     0     0     0     0     0     0     0 
19    39     0     0     0     0     0     0     0     0     0     0     0     0     0     0     1     0     1     0     0 
20     0     1     0     0     2     0     1     7     0    18     0     0     2     0     0     1     0     8     0     1 
21     2     0     1    34     0     0     0     0     0     0     0     0     0     0     0     1     0     3     0     0 
22     0     0     0     0     2     0     0     0     0    37     1     0     0     0     0     0     0     1     0     0 
23     0     0     0     0     0     0     0     0     0     2     0     0     1     0    37     1     0     0     0     0 
24     0     0    37     1     0     0     0     0     1     0     0     1     1     0     0     0     0     0     0     0 
25     1     0     0     2     0    27     1     1     3     0     0     3     0     2     0     1     0     0     0     0 
26     0     0    24     5     0     8     0     1     0     0     0     1     0     0     1     1     0     0     0     0 
27     3     0     1     5     0     3     1     1    17     0     0     1     3     2     0     0     3     1     0     0 
28     5     0     4     2     1     2     1     1     3     1     0     2     0     3     5     8     3     0     0     0 
29     1     0     2     1     1     0     0     1     4     3     0     0     0     1    14     0     1     3     2     7 
30     1     0     1     1     6     4     1     0     0     0     0     3     0     0     1     2     0     2     4    15 
31     2     0     1     1     2    13     0     1     2    11     1     0     0     2     3     1     0     1     0     0 
32     1     1     0     1     1    23     0     1     4     2     0     2     0     1     3     0     0     0     0     1 
33     1     0     2     0     1     8     0     0    17     4     0     2     0     0     1     0     1     1     2     1 
34     0     0     0     0     2    21     0     0     0     2     0     0     0     0     0     4     2    10     0     0 
35     2     0     1     2     0     1     0     1     1     3     0     0     0     0     2     3     0    25     0     0 
36     0     0     0     1     1     1     2     2     4    12     0     0     1     0     4     3     8     1     0     1 
37     9     0     0     0     0     0     0     0    19     1     0     5     1     2     1     1     0     2     0     0 
38    24     0     0     0     0     1     1     2     0     1     0     1     0     0     1     2     0     8     0     0 
39     1     0     2     1     0     0     1     2     0     2     0     1     0     2     1     3     0    24     0     1 
40     4     0     5     8     0     2     3     1     4     1     0     5     0     3     3     2     0     0     0     0 
41     1     0     0     0     2     1     6     7     0     2     0    15     0     0     0     1     1     4     0     1 
42     1     0     1     1     0     1     0    13     0     0     0     6     0     0     3     0     1    14     0     0 
43     0     0     1     5     0     2     0     2     1     1     0    17     1     3     2     1     2     3     0     0 
44     1     0     2     6     0     3     3     1     7     3     0     3     0     1     1     4     2     3     0     1 
45     2     0     0     8     1     0     0     8     1     6     0     1     0     1     1     0     6     6     0     0 
46     6     0     0     0     0     2     1    20     1     5     0     1     0     0     2     1     0     2     0     0 
47    18     0     1     1     0     6     0     0     2     0     0     1     5     0     4     2     0     1     0     0 
48     4     0     3     2     0     0     0     1     3     5     0     1    17     2     1     0     1     1     0     0 
49    20     0     2     0     0     0     1     2     1     8     1     0     1     0     1     1     1     2     0     0 
END
