PROFILE 3
BEGIN
MATRIX K=15 L=31
  31    A    C    D    E    F    G    H    I    K    L    M    N    P    Q    R    S    T    V    W    Y    .
   0    0    0    0    0    0    0    0    3    0    7    1    0    1    0    0    0    0    3    0    0    0
   1    7    0    0    0    0    0    1    2    0    2    0    0    0    0    0    2    1    0    0    0    0
   2    1    1    0    0    0    0    0    0    0    4    4    0    1    0    0    1    1    2    0    0    0
   3    6    1    1    0    0    0    1    1    0    1    2    0    0    0    0    2    0    0    0    0    0
   4    1    8    1    0    0    2    0    0    0    0    0    0    0    0    0    2    0    0    0    1    0
   5    0    0   11    0    0    0    0    1    0    0    0    1    0    0    2    0    0    0    0    0    0
   6    0    0    0    0    2    0    0    5    0    6    1    0    0    0    0    0    0    1    0    0    0
   7    2    0    0    0    0    0    0    3    0    1    1    0    0    0    4    0    2    1    0    1    0
   8    1    0    0    0    1    0    0    7    0    0    0    0    0    0    0    1    0    2    1    2    0
   9    8    5    1    0    0    0    0    1    0    0    0    0    0    0    0    0    0    0    0    0    0
  10    7    0    0    0    0    1    0    0    0    0    0    3    0    0    0    2    2    0    0    0    0
  11    0    0    5    4    0    0    0    0    0    0    0    0    1    1    0    4    0    0    0    0    0
  12    0    0    2    1    0    0    0    0    5    0    0    4    0    0    0    2    1    0    0    0    0
  13   11    0    0    0    0    0    0    0    0    0    0    0    0    0    0    1    1    1    0    1    0
  14    0    0    0    0    1    0    0    2    3    0    0    0    0    1    1    1    3    1    1    1    0
  15    0    0    0    0   12    0    0    1    0    1    1    0    0    0    0    0    0    0    0    0    0
  16    2    0    0    0    0    8    0    0    0    1    0    0    0    2    0    1    0    1    0    0    0
  17    0    1    0    0    0    0    0    0    0    4    2    0    0    5    0    0    1    1    0    1    0
  18    1    0    0    0    0    0    0    0    1    0    0    1    7    0    0    1    2    2    0    0    0
  19    0    0    0    9    1    2    0    0    0    0    0    0    1    0    0    0    0    0    1    1    0
  20    2    0    0    0    0    0    1    3    0    0    0    0    2    0    0    1    3    3    0    0    0
  21    1    0    1    0    0    1    0    0    4    2    0    3    0    0    1    0    2    0    0    0    0
  22    0    0    0    0    1    0    0    1    0    9    1    0    0    0    0    0    0    2    1    0    0
  23    1    0    0    0    0   14    0    0    0    0    0    0    0    0    0    0    0    0    0    0    0
  24    0    0    0    0    0    0    0    6    0    3    0    0    0    1    0    2    1    2    0    0    0
  25    1    0    0    0    3    1    0    3    0    0    0    0    2    0    0    1    1    3    0    0    0
  26    3    0    2    0    0    0    0    0    0    0    0    1    7    0    0    0    1    0    0    1    0
  27    0    0    5    1    0    5    0    0    0    0    0    1    3    0    0    0    0    0    0    0    0
  28    2    0    0    0    2    5    0    0    0    1    0    1    0    0    0    1    1    2    0    0    0
  29    2    1    0    0    0    7    0    0    0    1    0    0    0    0    0    0    0    1    2    1    0
  30    1    0    0    0    0    7    0    0    0    1    0    0    0    0    0    2    3    1    0    0    0
END
