PROFILE 3
BEGIN
MATRIX K=15 L=31
  31    A    C    D    E    F    G    H    I    K    L    M    N    P    Q    R    S    T    V    W    Y    .
   0    1    0    0    0    1    0    0    7    0    0    0    0    0    0    0    1    0    2    1    2    0
   1    8    5    1    0    0    0    0    1    0    0    0    0    0    0    0    0    0    0    0    0    0
   2    7    0    0    0    0    1    0    0    0    0    0    3    0    0    0    2    2    0    0    0    0
   3    0    0    5    4    0    0    0    0    0    0    0    0    1    1    0    4    0    0    0    0    0
   4    0    0    2    1    0    0    0    0    5    0    0    4    0    0    0    2    1    0    0    0    0
   5   11    0    0    0    0    0    0    0    0    0    0    0    0    0    0    1    1    1    0    1    0
   6    0    0    0    0    1    0    0    2    3    0    0    0    0    1    1    1    3    1    1    1    0
   7    0    0    0    0   12    0    0    1    0    1    1    0    0    0    0    0    0    0    0    0    0
   8    2    0    0    0    0    8    0    0    0    1    0    0    0    2    0    1    0    1    0    0    0
   9    0    1    0    0    0    0    0    0    0    4    2    0    0    5    0    0    1    1    0    1    0
  10    1    0    0    0    0    0    0    0    1    0    0    1    7    0    0    1    2    2    0    0    0
  11    0    0    0    9    1    2    0    0    0    0    0    0    1    0    0    0    0    0    1    1    0
  12    2    0    0    0    0    0    1    3    0    0    0    0    2    0    0    1    3    3    0    0    0
  13    1    0    1    0    0    1    0    0    4    2    0    3    0    0    1    0    2    0    0    0    0
  14    0    0    0    0    1    0    0    1    0    9    1    0    0    0    0    0    0    2    1    0    0
  15    1    0    0    0    0   14    0    0    0    0    0    0    0    0    0    0    0    0    0    0    0
  16    0    0    0    0    0    0    0    6    0    3    0    0    0    1    0    2    1    2    0    0    0
  17    1    0    0    0    3    1    0    3    0    0    0    0    2    0    0    1    1    3    0    0    0
  18    3    0    2    0    0    0    0    0    0    0    0    1    7    0    0    0    1    0    0    1    0
  19    0    0    5    1    0    5    0    0    0    0    0    1    3    0    0    0    0    0    0    0    0
  20    2    0    0    0    2    5    0    0    0    1    0    1    0    0    0    1    1    2    0    0    0
  21    2    1    0    0    0    7    0    0    0    1    0    0    0    0    0    0    0    1    2    1    0
  22    1    0    0    0    0    7    0    0    0    1    0    0    0    0    0    2    3    1    0    0    0
  23    1    1    0    0    0    0    0    1    1    1    0    0    0    0    0    4    5    1    0    0    0
  24    1    0    1    0    0    0    1    1    1    2    0    0    0    4    0    1    0    1    0    2    0
  25    1    0    0    0    2    0    0    0    0    1    0    2    0    0    5    2    1    0    0    1    0
  26    0    0    0    0    1    0    0    0    0   10    2    0    1    0    0    0    0    0    0    1    0
  27    4    0    0    0    0    0    0    0    0    0    0    0    6    0    0    2    2    1    0    0    0
  28    0    0    1    0    0    0    0    0    3    1    0    1    0    0    9    0    0    0    0    0    0
  29    2    0    1    0    0    0    0    3    1    2    1    0    0    0    0    0    2    3    0    0    0
  30    1    0    0    0    1    1    0    3    0    1    1    0    1    0    0    0    0    6    0    0    0
END
