PROFILE 3
BEGIN
MATRIX K=15 L=31
  31    A    C    D    E    F    G    H    I    K    L    M    N    P    Q    R    S    T    V    W    Y    .
   0    0    0    0    0    0    0    0    4    0    5    1    0    0    0    0    0    1    2    2    0    0
   1    0    0    1    0    5    0    0    1    0    2    3    0    0    1    0    0    0    0    1    1    0
   2    1    0    0    0    1    1    0    0    0    2    1    0    0    0    0    2    7    0    0    0    0
   3    5    2    0    0    0    6    0    0    0    0    0    2    0    0    0    0    0    0    0    0    0
   4    0    0    1    1    0    0    0    0    3    0    0    0    0    1    7    1    1    0    0    0    0
   5    0    0    0    0    0    0    0    0    2    1    1    1    2    1    3    1    2    1    0    0    0
   6    0    0    0    0    3    0    0    4    0    4    2    0    0    0    0    0    0    0    0    2    0
   7    1    0    3    0    0    2    0    0    2    0    1    0    1    0    0    2    2    0    0    1    0
   8    7    1    0    0    0    4    0    0    0    0    0    0    2    0    0    0    0    0    0    1    0
   9    2    0    3    2    0    1    0    0    3    0    0    0    0    3    1    0    0    0    0    0    0
  10    0    0    1    9    0    0    0    1    1    1    0    0    0    1    1    0    0    0    0    0    0
  11   13    0    0    0    0    1    0    0    0    0    1    0    0    0    0    0    0    0    0    0    0
  12    1    2    0    1    0    0    1    0    3    6    0    0    0    0    0    0    1    0    0    0    0
  13    4    0    3    2    0    0    1    0    1    0    0    0    0    1    3    0    0    0    0    0    0
  14    1    0    0    0    1    0    0    2    1    0    3    1    0    0    0    1    0    3    2    0    0
  15    0    0    0    0    0   14    0    0    0    0    0    0    0    0    0    0    0    1    0    0    0
  16    0    0    0    0    1    0    0    2    0   11    0    0    1    0    0    0    0    0    0    0    0
  17    1    0    0    0    0    0    0    3    0    1    0    0    0    0    0    1    0    9    0    0    0
  18    0    0    2    0    0    0    0    0    0    0    0    6    0    0    0    6    1    0    0    0    0
  19    0    0    0    2    0    0    2    0    3    1    0    0    0    1    4    0    1    1    0    0    0
  20    0    1    0    0    0    0    0    1    0    2    0    1    0    0    0    1    0    9    0    0    0
  21    1    0    0    0    4    0    0    0    0    1    0    0    0    0    0    0    1    7    0    1    0
  22    1    0    0    4    0    0    0    0    0    1    0    1    7    0    0    1    0    0    0    0    0
  23    0    0    1    1    0    0    1    0    1    3    0    0    1    1    0    0    1    1    0    0    0
  24    3    0    3    2    0    1    0    0    1    0    0    0    0    0    0    1    0    0    0    0    0
  25    1    0    2    4    0    0    0    0    0    0    0    0    0    2    0    0    2    0    0    0    0
  26    0    0    1    0    2    0    0    0    0    6    0    0    0    0    0    0    0    2    0    0    0
  27    0    0    1    1    0    0    1    0    0    1    3    0    0    0    2    0    1    1    0    0    0
  28    1    1    1    3    0    0    0    0    1    1    0    1    0    1    0    1    0    0    0    0    0
  29    0    0    0    4    0    0    0    0    1    0    0    2    0    0    1    0    1    2    0    0    0
  30    6    0    0    0    0    0    0    1    0    0    0    0    0    0    0    0    2    2    0    0    0
END
