PROFILE 3
BEGIN
MATRIX K=45 L=31
  31    A    C    D    E    F    G    H    I    K    L    M    N    P    Q    R    S    T    V    W    Y    .
   0    1    0   12    4    1    4    1    1    0    1    0    6    0    3    0    6    2    2    1    0    0
   1    1    0    2    2    0   20    1    1    3    4    0    4    0    1    1    1    1    2    0    1    0
   2    4    0    0    0    3   16    1    0    0    3    0    0    0    2    0    5    6    5    0    0    0
   3    2    1    0    1    6    0    0    3    2    6    2    1    0    1    1    2    4   10    0    3    0
   4    4    1    0    0   12   22    1    0    0    0    0    0    0    0    0    2    1    2    0    0    0
   5    1    0    0    1    1    0    1    2    3    3    0    0    0    0   28    1    1    2    1    0    0
   6   28    0    0    0    0    7    0    0    0    0    0    0    0    0    0    8    2    0    0    0    0
   7   15    0    1    1    0    1    0    6    2    3    6    0    0    0    1    9    0    0    0    0    0
   8   11    2    0    1    0    0    0    0    0    0    0    0    0    0    0    0    0   31    0    0    0
   9    0    0    0    0    0    0    0    0    0    0    0    0   44    0    0    1    0    0    0    0    0
  10    3    0    0    0    0    0    0    0    0    0    0    0    0    0    0   42    0    0    0    0    0
  11    0    0    0    0    0   45    0    0    0    0    0    0    0    0    0    0    0    0    0    0    0
  12   44    0    0    0    0    0    0    0    0    0    0    0    0    0    0    1    0    0    0    0    0
  13    0    0    0    0    0    0    0    0    0    0    0    0    0    0    0   45    0    0    0    0    0
  14    0    0    0    0    0    0    0    0    2    1    0    0    0    0    2    0   40    0    0    0    0
  15    0    0    0    0    0   45    0    0    0    0    0    0    0    0    0    0    0    0    0    0    0
  16    3    0    0   13    0    0    0    6    3    1    1    0    0    0    0    9    4    5    0    0    0
  17    1    0    0    0    2    3    9    0    6    0    0    4    0    1    9    0    1    0    1    8    0
  18    0    0    0   45    0    0    0    0    0    0    0    0    0    0    0    0    0    0    0    0    0
  19   41    0    0    0    0    0    0    1    0    0    0    0    0    0    0    0    0    3    0    0    0
  20    1    1    0    0    0    0    1    3    1   18    1    0    1    0    0    0    1   16    1    0    0
  21    2    0    0   41    0    0    0    0    0    0    0    0    0    0    0    0    0    1    0    1    0
  22    0    0    0    0    3    0    0    0    0   37    1    0    0    0    1    0    0    2    0    1    0
  23    0    0    0    0    0    0    0    0    0    1    0    0    4    0   39    1    0    0    0    0    0
  24    1    0   40    1    0    0    0    0    1    0    0    0    1    0    0    1    0    0    0    0    0
  25    0    0    0    4    0   25    0    0    5    0    0    9    0    0    0    0    1    0    0    1    0
  26    1    0   30    2    0    7    0    0    1    0    0    2    0    0    1    1    0    0    0    0    0
  27    2    0    2    3    0    3    1    1   20    2    0    1    3    0    0    1    2    3    0    1    0
  28    6    0    3    1    1    1    0    1    7    1    0    3    1    0    4    8    8    0    0    0    0
  29    3    0    0    2    1    0    0    0    6    1    0    2    0    0   15    0    1    4    1    9    0
  30    2    0    1    0    9    3    1    2    3    0    0    1    0    0    1    1    0    1    3   17    0
END
