PROFILE 3
BEGIN
MATRIX K=45 L=31
  31    A    C    D    E    F    G    H    I    K    L    M    N    P    Q    R    S    T    V    W    Y    .
   0    0    0    0    9    1    1    0    0    0   26    1    0    0    0    3    2    2    0    0    0    0
   1    1    0    0    1    0    4    0    0    0    9    0    0    0    0   29    0    1    0    0    0    0
   2    3    0   29    0    0    0    0    0    2    1    0    0    0    0    8    2    0    0    0    0    0
   3    0    0    9    2    0   16    1    0    3    0    0    7    0    0    1    1    3    1    0    1    0
   4    0    0   29    4    0    8    0    0    3    0    0    0    0    0    0    0    1    0    0    0    0
   5    2    0    2    2    0    6    1    0   21    1    0    1    3    0    0    1    0    5    0    0    0
   6    6    0    2    3    0    3    0    1    3    2    0    4    1    0    2    9    8    0    0    1    0
   7    4    0    1    1    1    1    0    0    9    0    0    1    0    0   18    0    1    4    1    3    0
   8    1    0    0    2   12    0    0    0    0    1    0    0    0    0    0    0    0    0    4   25    0
   9    3    0    1    0    3   10    3    1    4    9    1    4    3    1    2    0    0    0    0    0    0
  10    0    0    0    2    0   38    0    0    1    0    0    1    0    0    0    2    0    1    0    0    0
  11    0    0    0    0    0    2    0    0   38    2    0    1    0    0    1    0    0    1    0    0    0
  12    0    0    0    0    0   38    0    0    0    0    0    1    1    0    0    3    1    1    0    0    0
  13    1    0    0    0    0    0    0    1    0    0    0    0    0    0    0    1    3   39    0    0    0
  14    0    0    4    4    0    0    0    0    4   17    1    1    1    4    1    4    4    0    0    0    0
  15    2    0    0    2    0    0    1    2   23    1    0    3    0    3    5    0    2    0    0    1    0
  16   38    0    0    0    0    0    0    1    0    0    0    0    0    0    1    4    0    1    0    0    0
  17    1    1    0    0    0    0    0    8    0    2    0    0    0    0    0    1    0   31    0    1    0
  18    7    0    9    7    0    2    2    0    6    0    0    7    0    1    0    3    1    0    0    0    0
  19    5    0    0    2    1    0    5    2    1    1    0   27    0    0    0    1    0    0    0    0    0
  20    1    0    0    0    1    0    0   12    0    1    0    0    0    0    0    0    0   29    0    1    0
  21    1    0    0    3    0    0    0    0    3    1    1   33    0    0    2    0    1    0    0    0    0
  22    0    0    7   10    0    6    0    0    4    0    0    6    0    1    0    3    7    0    0    1    0
  23    3    0    0    6    0    0    1   11    5    4    0    0    1    1    0    0    4    9    0    0    0
  24    1    0    0    0    0    0    0   30    0    8    0    0    0    0    0    0    0    6    0    0    0
  25   20    0    2    0    1    7    0    0    2    1    0    2    0    0    4    5    0    1    0    0    0
  26    2    0    2    3    1    0    2    0    3    0    0    1   26    2    0    1    0    2    0    0    0
  27   24    0    0    4    0    0    2    1    5    3    0    0    0    0    3    2    0    1    0    0    0
  28    0    0    0    0    1    0    0    4    0   30    1    0    0    0    0    0    0    9    0    0    0
  29    0    1    0    2    0    0    2   19    6    4    0    0    0    0    1    0    1    9    0    0    0
  30    0    0    2    1    0   31    0    0    4    0    0    3    0    2    1    1    0    0    0    0    0
END
