PROFILE 3
BEGIN
MATRIX K=45 L=31
  31    A    C    D    E    F    G    H    I    K    L    M    N    P    Q    R    S    T    V    W    Y    .
   0    1    2    1    3    3    0    1    7    4    8    8    0    0    1    1    2    0    3    0    0    0
   1    0    2   22    2    0    0    2    0    4    0    0    6    1    1    0    4    0    1    0    0    0
   2   13    0    0    0    4    1    0    2    0    0    0    0    4    0    2    0    0   19    0    0    0
   3    5    2    0    1    2    3    0    0    2    6    0    2    0    1    6    1    9    3    0    2    0
   4    0    0   22    7    0    0    1    0    1    1    0    9    0    2    2    0    0    0    0    0    0
   5    0    0    0    0    2    0    0    0    1    4    0    0    1   36    0    0    1    0    0    0    0
   6    7    0    0    6    1    2    0    0    4    1    0    0    1    2   11    5    3    1    0    1    0
   7    9    0    2    4    1    7    1    3    4    3    0    2    0    4    1    3    0    1    0    0    0
   8    0    0    2    0    1    0    0   22    0   12    0    0    0    0    0    0    1    7    0    0    0
   9    0    0   43    0    0    0    0    0    0    0    0    2    0    0    0    0    0    0    0    0    0
  10    2    0    3    8    0    2    1    0    2    3    1    7    0    8    3    2    2    0    0    1    0
  11    6    0    0    1    6    0    0    5    6   10    3    0    0    0    3    0    1    3    0    1    0
  12    0    0    0    0    0    0    0    3    0   22   18    0    0    0    0    0    0    2    0    0    0
  13    0    2    0    1    0    0    2   23    4    5    1    0    0    3    3    0    0    1    0    0    0
  14    5    0    8   19    0    1    0    0    4    0    0    4    0    3    0    1    0    0    0    0    0
  15    4    1    0    0    0    0    0    4    0   30    2    0    0    0    0    1    1    2    0    0    0
  16    0    0   44    0    0    0    0    0    0    0    0    1    0    0    0    0    0    0    0    0    0
  17    0    0    0    1    0   42    0    0    0    0    0    1    0    0    0    1    0    0    0    0    0
  18    0    0    0    0    0    0    0    0    1    0    0    0    0    0    0    3   41    0    0    0    0
  19    3    0    8   11    0    0    0    0    4    0    0    3   13    1    0    1    0    1    0    0    0
  20    1    0    4    0    1    1    0    0    0    2    0   31    1    0    1    0    3    0    0    0    0
  21    0    0    0    2    4    1    0    0   35    1    0    0    0    0    0    1    0    0    0    1    0
  22    6    0    0    3    0    6    0    0    3    0    0    0    0    0    0   23    2    0    2    0    0
  23    0    0    0    1    1    3    1    1   19    0    0    4    0    2    9    2    1    1    0    0    0
  24    0    0    0    0    5    0    0    6    0   27    1    0    0    0    0    2    0    1    2    1    0
  25    0    1    0    0    0   41    0    1    0    0    0    0    0    0    1    1    0    0    0    0    0
  26   30    0    0    0    0   11    0    0    2    2    0    0    0    0    0    0    0    0    0    0    0
  27    1    0    0    0    0    2    0    0    0    0    0   40    0    0    0    2    0    0    0    0    0
  28   29    0    0    0    1    4    0    0    2    1    0    0    0    0    0    4    3    1    0    0    0
  29    4    2    0    0    1    0    0   25    0    5    2    2    0    0    0    0    2    2    0    0    0
  30    2    0    0    0    0    2    0    3    0   29    0    0    0    0    0    0    6    3    0    0    0
END
