PROFILE 3
BEGIN
MATRIX K=45 L=31
  31    A    C    D    E    F    G    H    I    K    L    M    N    P    Q    R    S    T    V    W    Y    .
   0    1    1    3    0    1    0    0    0    0    2    0   30    1    0    1    2    3    0    0    0    0
   1    0    0    0    0    5    1    0    0   37    1    0    0    0    0    0    0    0    0    0    1    0
   2    6    0    0    3    0    6    0    0    3    0    0    0    0    0    0   26    1    0    0    0    0
   3    0    0    0    1    0    1    1    2   20    0    0    4    0    2   10    2    1    1    0    0    0
   4    0    0    0    0    5    0    0    6    0   31    1    0    0    0    0    0    0    1    0    1    0
   5    0    0    0    0    0   45    0    0    0    0    0    0    0    0    0    0    0    0    0    0    0
   6   34    0    0    0    0   11    0    0    0    0    0    0    0    0    0    0    0    0    0    0    0
   7    1    0    0    0    0    0    0    0    0    0    0   44    0    0    0    0    0    0    0    0    0
   8   31    0    0    0    1    4    0    0    0    1    0    0    0    0    0    4    3    1    0    0    0
   9    4    2    0    0    1    0    0   28    0    3    2    0    0    0    0    0    2    3    0    0    0
  10    0    0    0    0    0    0    0    3    0   33    0    0    0    0    0    0    6    3    0    0    0
  11   17    0    0    0    0   24    0    0    0    0    0    0    1    0    0    2    1    0    0    0    0
  12    3    1    0    0    0    0    0    3    0    3    0    0    0    0    0    0    3   32    0    0    0
  13    0    0    0    0    0    0    0    0    0    0    0    0    0    0    0   45    0    0    0    0    0
  14    0    0    0    0    4    0    0    5    0   19   16    0    0    0    0    0    1    0    0    0    0
  15   45    0    0    0    0    0    0    0    0    0    0    0    0    0    0    0    0    0    0    0    0
  16   10    4    0    0    2    0    0    3    0    5    0    1    0    0    0    0    8   12    0    0    0
  17   32    8    0    0    0    0    0    0    0    2    0    0    0    0    0    2    0    1    0    0    0
  18    0    0    0    3    0    0    4    0   15    1    0    0    0    0   19    0    1    0    1    1    0
  19   43    0    0    0    0    0    0    0    0    0    1    0    0    0    0    0    1    0    0    0    0
  20   21    0    0    0    0   19    0    0    1    0    0    0    0    0    0    2    0    2    0    0    0
  21   42    0    0    0    0    0    0    0    0    0    0    0    0    0    0    3    0    0    0    0    0
  22   18    0    3    5    0    0    0    1    4    2    0    4    0    1    2    4    0    1    0    0    0
  23    9    0    0    8    5    0    0    3    2    1    0    0    0    1    0    7    4    1    0    4    0
  24    8    0    0    1    0    0    0    0    9   13    1    1    0    2    3    4    0    0    0    3    0
  25    1    0    0    5    0   17    1    0    4    0    0    7    0    3    5    2    0    0    0    0    0
  26    1    0    0    1    0    0    0    8    1   16    3    0    0    3    1    0    2    9    0    0    0
  27    0    0    0    5    0    0    0    0    0    0    0    0   37    0    1    2    0    0    0    0    0
  28    0    0    0    0    1    0    0    0    0   42    0    0    0    0    0    0    0    2    0    0    0
  29    0    0    1    0    7    0    0    0    0    0    0    0    0    0    0    0    0    0    2   35    0
  30    2    0    0    4    0    0    0    0    8    2    1    0    0   12   15    1    0    0    0    0    0
END
