PROFILE 3
BEGIN
MATRIX K=45 L=31
  31    A    C    D    E    F    G    H    I    K    L    M    N    P    Q    R    S    T    V    W    Y    .
   0    0    0    0    0    4    0    0    5    0   19   16    0    0    0    0    0    1    0    0    0    0
   1   45    0    0    0    0    0    0    0    0    0    0    0    0    0    0    0    0    0    0    0    0
   2   10    4    0    0    2    0    0    3    0    5    0    1    0    0    0    0    8   12    0    0    0
   3   32    8    0    0    0    0    0    0    0    2    0    0    0    0    0    2    0    1    0    0    0
   4    0    0    0    3    0    0    4    0   15    1    0    0    0    0   19    0    1    0    1    1    0
   5   43    0    0    0    0    0    0    0    0    0    1    0    0    0    0    0    1    0    0    0    0
   6   21    0    0    0    0   19    0    0    1    0    0    0    0    0    0    2    0    2    0    0    0
   7   42    0    0    0    0    0    0    0    0    0    0    0    0    0    0    3    0    0    0    0    0
   8   18    0    3    5    0    0    0    1    4    2    0    4    0    1    2    4    0    1    0    0    0
   9    9    0    0    8    5    0    0    3    2    1    0    0    0    1    0    7    4    1    0    4    0
  10    8    0    0    1    0    0    0    0    9   13    1    1    0    2    3    4    0    0    0    3    0
  11    1    0    0    5    0   17    1    0    4    0    0    7    0    3    5    2    0    0    0    0    0
  12    1    0    0    1    0    0    0    8    1   16    3    0    0    3    1    0    2    9    0    0    0
  13    0    0    0    5    0    0    0    0    0    0    0    0   37    0    1    2    0    0    0    0    0
  14    0    0    0    0    1    0    0    0    0   42    0    0    0    0    0    0    0    2    0    0    0
  15    0    0    1    0    7    0    0    0    0    0    0    0    0    0    0    0    0    0    2   35    0
  16    2    0    0    4    0    0    0    0    8    2    1    0    0   12   15    1    0    0    0    0    0
  17    0    0    0    0    4    0   10    0    0    0    0    0    0    0    0    0    0    0    0   31    0
  18    0    0    0    0    0    0    0   20    0   22    0    0    0    0    0    0    0    3    0    0    0
  19   13    0    0    0    0   24    0    0    1    0    0    2    0    0    1    3    0    1    0    0    0
  20    0    0    6    3    0   24    0    0    4    0    0    2    0    1    3    0    1    1    0    0    0
  21    5    1    1    1    0    0    0    2    1   16    0    2    3    1    0    4    4    4    0    0    0
  22    9    0    2    0    4    4    3    0    0    2    0    9    0    1    1    1    3    1    0    5    0
  23   18    0    0    1    1   13    0    0    1    2    1    1    1    0    1    1    1    0    0    3    0
  24    0    1    0    2    1    5    6    0    6    1    1    8    2    1    3    5    1    0    0    2    0
  25    2    0    0    2    0    1    0    4    8    3    1    4    4    1    4    5    2    4    0    0    0
  26    2    1    1    4    0    2    0    3    2   15    2    0    2    0    2    2    5    1    0    1    0
  27    0    0    4    2    0    2    0    1    2    3    0    2   21    1    1    3    1    1    0    1    0
  28    3    2    0    1    1    0    0    5    3    4    1    1    3    1    0    0    2   13    0    5    0
  29    2    1    1    0    1    0    0    0    0    5    3    1   24    1    0    1    1    2    0    2    0
  30    1    1    0    1    1    1    1    2    2    8   11    1    7    0    0    1    2    4    0    1    0
END
