PROFILE 3
BEGIN
MATRIX K=45 L=41
  41    A    C    D    E    F    G    H    I    K    L    M    N    P    Q    R    S    T    V    W    Y    .
   0    2    0    2    0    5    2    0    5    1    2    0    1    0    2    2    1    0    0    0   20    0
   1    4    0    0    1    0    4    1    1    3    5    0    2    1    5   12    2    0    2    0    2    0
   2    4    1    4    1    2    1    0    0    0    4    1    2    0    1    2    3    0    0    0   19    0
   3    1    0    1    0    0    6    2    9    2   15    0    0    0    0    1    1    2    2    0    3    0
   4    6    0    1    0    0   24    0    1    4    2    1    1    0    0    0    2    1    2    0    0    0
   5    1    0    1    1    0   29    0    0    3    0    0    2    0    0    0    3    2    2    0    1    0
   6    6    1    1    2    1    3    0    1    2    0    0    6    7    1    0    5    5    4    0    0    0
   7    4    0    2    2    3    3    1    0    4    2    0    9    3    1    3    3    3    1    0    1    0
   8   17    0    3    4    0    2    1    0    7    1    0    2    3    0    0    1    3    1    0    0    0
   9    0    1    0    1    5    0    5    1    4    5    1    3    2    0    4    0    1    3    0    9    0
  10    0    1    0    3    0    1    0    7    3    2    3    1    0    2    5    7    2    6    0    2    0
  11    1    0    0    0    0    0    0    7    0   32    3    0    0    0    0    0    0    1    0    1    0
  12    0    0    0    0    0    0    0    0    0    0    0    0   45    0    0    0    0    0    0    0    0
  13    2    2    1    0    0    0    0    3    0    4    0    0    0    1    1    2    2   25    0    2    0
  14    0    0    0    0    0    0    0    0    0    0    0    0   44    0    0    0    1    0    0    0    0
  15    5    6    0    0    6    0    1    0    0    8   17    1    0    0    0    1    0    0    0    0    0
  16    0    1    0    0   12    5    1    0    0    8   16    0    0    0    0    0    1    1    0    0    0
  17    0    0    0    0    0    0    0    0    0    0    0   44    0    1    0    0    0    0    0    0    0
  18    0    0    0    0    1    0    0   20    0    1    1    0    0    1    0    0    0   21    0    0    0
  19    0    0    0    0    0    0    0   30    0   12    2    0    0    0    0    0    0    1    0    0    0
  20    0    0    0    0    0    5    0    0    0    0    0   40    0    0    0    0    0    0    0    0    0
  21    0    0    0    0    0   44    0    0    0    0    0    0    0    0    0    1    0    0    0    0    0
  22    0    0    0    1    0   44    0    0    0    0    0    0    0    0    0    0    0    0    0    0    0
  23   11    0    0    6    0    0    1    1    9    1    1    0    0    1    3    7    1    3    0    0    0
  24    1    0    0    0    0    0   44    0    0    0    0    0    0    0    0    0    0    0    0    0    0
  25   40    0    0    0    0    0    0    0    0    0    0    0    0    0    0    5    0    0    0    0    0
  26    0    0   19    1    0   20    0    0    1    0    0    1    1    0    1    1    0    0    0    0    0
  27    1    0    0    0    1    7    0    0    1    0    0   33    0    0    0    1    1    0    0    0    0
  28    7    0    2    2    0    5    0    0    8    1    0    8    1    1    1    4    5    0    0    0    0
  29    1    0    0    0    0    1    0    8    0   23    2    1    0    0    0    0    3    6    0    0    0
  30   10    0   22    1    0    1    0    1    3    0    0    0    2    1    0    3    1    0    0    0    0
  31    0    0    2    0   20    0    0   12    0    2    4    0    2    1    0    0    0    2    0    0    0
  32    0    0    0    1    0    0    0    2    0    0    0    0    0   42    0    0    0    0    0    0    0
  33    0    0    1   41    1    0    0    0    0    0    0    0    0    2    0    0    0    0    0    0    0
  34    0    0    0    2   38    0    0    1    0    1    0    0    0    0    0    0    0    0    0    3    0
  35    1    0    0    0    2    0    0    1    0    3   38    0    0    0    0    0    0    0    0    0    0
  36    2    0    0    0    1    0    0   30    0    3    0    0    0    0    0    0    0    9    0    0    0
  37    7    0    0    0    1    0    0    3    0    6   10    0    1    1    2    3    4    7    0    0    0
  38    0    0    0    0    0    0    0    0    0    0    1    0   40    0    0    1    0    2    0    1    0
  39    0    0    0    0    0    1    1    7    0    2    1    1    2    2    0    1   10   15    0    2    0
  40    1    0    0    1    0   31    1    0    3    1    0    2    1    0    1    1    1    1    0    0    0
END
