PROFILE 3
BEGIN
MATRIX K=45 L=31
  31    A    C    D    E    F    G    H    I    K    L    M    N    P    Q    R    S    T    V    W    Y    .
   0    4    0    1    0    0    1    0   11    9    7    1    2    0    1    1    4    2    1    0    0    0
   1    1    0    1    2    0    0    0    5    9   11    0    0    0    1    0    3    2   10    0    0    0
   2    2    0    3    8    2    0    0    1    8   20    0    0    0    1    0    0    0    0    0    0    0
   3    3    0    1    4    0    0    3    0   27    1    0    1    0    0    3    1    0    1    0    0    0
   4    4    0    6    4    4    2    1    0    5    2    0    1    0    0    0    2    0    0    0   14    0
   5    6    0    2    1    0   19    0    0    6    1    0    1    1    1    6    0    1    0    0    0    0
   6    5    0    1    1    0   20    1    1    4    4    0    1    1    3    0    2    0    1    0    0    0
   7    4    0    7    0    3    0    5    4    2   11    0    0    0    2    0    5    1    0    0    1    0
   8   16    0    0    0    1    2    0    1    0    1    0    3    2    0    0   11    2    3    0    3    0
   9    2    0    0    0    0    4    0    1    3    0    0    0    0    0    0    1   30    4    0    0    0
  10   11    0    0    0    0   12    0    0    0    0    0   13    0    1    0    7    1    0    0    0    0
  11    0    0    0    0    0    0    0    2    6    8    0    0    0    0    0    0    0   29    0    0    0
  12    1    0    0    0    0   43    0    0    0    0    0    1    0    0    0    0    0    0    0    0    0
  13    0    0   45    0    0    0    0    0    0    0    0    0    0    0    0    0    0    0    0    0    0
  14    0    0    0   45    0    0    0    0    0    0    0    0    0    0    0    0    0    0    0    0    0
  15    0    0    0    0    0   44    0    0    1    0    0    0    0    0    0    0    0    0    0    0    0
  16    4    0    0    0    0   40    0    0    0    0    0    0    0    0    1    0    0    0    0    0    0
  17    0    0    0    0   36    0    0    1    0    1    0    0    0    0    0    0    0    1    5    1    0
  18   39    0    0    0    0    0    0    0    0    0    0    0    0    0    0    1    3    1    1    0    0
  19    2    0    0    0    0    0    0    0    0    1    0    0   42    0    0    0    0    0    0    0    0
  20    2    0    9    1    0    0    1    0    1    0    1   18    6    1    1    3    1    0    0    0    0
  21    0    0    0    0    3    1    0   11    0   20    2    0    0    0    0    0    1    7    0    0    0
  22    4    0    4    3    1    0    1    0   10    2    0    1    0    4    3   10    2    0    0    0    0
  23    0    0    6    2    0    1    0    0    2    0    0    8    0    2    0   18    5    0    1    0    0
  24    7    0    2    2    0    1    3    2    1    1    0   15    6    0    0    2    3    0    0    0    0
  25    1    0    7   23    0    0    1    0    2    0    0    1    0    1    1    2    2    2    0    2    0
  26    9    0    3   25    0    0    0    0    0    0    0    0    0    5    0    0    0    2    0    1    0
  27   28    0    0    1    2    3    0    1    1    3    0    0    3    0    0    1    1    1    0    0    0
  28    0    0    0    5    1    1    0    1    1   33    1    0    0    1    0    0    0    1    0    0    0
  29    1    0   15   11    1    0    0    5    5    1    0    1    0    2    0    1    0    2    0    0    0
  30    1    0    0    0    2    0    0    3    1   24    4    0    0    1    0    0    1    4    0    4    0
END
