PROFILE 3
BEGIN
MATRIX K=45 L=31
  31    A    C    D    E    F    G    H    I    K    L    M    N    P    Q    R    S    T    V    W    Y    .
   0   20    0    1    3    0    1    0    1    7    0    0    1    0    0    1    4    1    4    0    1    0
   1    4    0    0    3    0   20    0    0    8    1    0    3    0    0    1    3    1    0    0    1    0
   2   10    1    3    0    2    3    0    0    1    1    0    0    1    0    1    3    1    0    0   18    0
   3    1    1    1    6    0   14    0    2    4    1    0    0    0    2    1    2    5    4    0    1    0
   4    3    0    0    0    2    2    3    0    2    7    0    2   13    0    0    0    0    0    0   11    0
   5    0    0    3    6    0   22    0    0    2    0    0    1    0    0    1    2    7    1    0    0    0
   6    2    0    5    3    1   10    0    0   10    0    0    2    1    3    0    1    2    5    0    0    0
   7    1    0   14    7    0    3    1    0   11    1    0    1    0    5    0    0    0    1    0    0    0
   8    0    0    0    0    0    0    0   20    0    1    2    0    0    0    0    0    0   22    0    0    0
   9    9    1    0    1    1    6    1    0    8    1    2    0    0    2    2    3    1    5    0    2    0
  10    0    0    0    0    6    0    0   21    0   13    2    0    1    0    0    0    0    1    0    1    0
  11   22    4    0    0    0   14    0    0    0    0    0    1    0    0    0    2    1    1    0    0    0
  12    0    0    0    0    2    0    0   10    1   19   10    0    0    0    0    0    1    2    0    0    0
  13    0    0   45    0    0    0    0    0    0    0    0    0    0    0    0    0    0    0    0    0    0
  14    9    9    0    0    2    0    0    1    0    1    0    0    4    0    0    2    0   17    0    0    0
  15   45    0    0    0    0    0    0    0    0    0    0    0    0    0    0    0    0    0    0    0    0
  16   28    0    0    0    0    1    0    0    0    0    0    0    0    0    1   15    0    0    0    0    0
  17    1    0    1    0    0    0    0    0    0    0    0    1    0    0    0   40    2    0    0    0    0
  18    0    0    1   37    0    1    0    0    0    0    0    0    0    1    0    4    0    0    0    1    0
  19    0    0    0    0   32    0    0    0    0   12    1    0    0    0    0    0    0    0    0    0    0
  20    0    0    0    0    7    0    0    1    0    0    1    0    0    0    1    1    0    1    4   29    0
  21    0    0   17    3    1    0    1    1    3    0    0    9    1    0    4    3    2    0    0    0    0
  22    3    0   10    8    0    3    0    0    5    0    0    5    5    1    1    2    0    2    0    0    0
  23    0    0    3   13    0   16    1    0    6    1    0    1    0    0    0    2    2    0    0    0    0
  24    1    1    0    2    1    2    0    2   16    1    0    1    0    2    3    2   10    1    0    0    0
  25    0    0    2    3    0   10    1    0    8    0    1    2    0    1    1    0    0    0    0   16    0
  26    1    0    8    1    1    1    1    2   10    1    0    2    0    1    2    3    4    3    0    4    0
  27    0    0    1    0    2    1    3    0    0   10    0    0    0    0    0    0    0    1    0   27    0
  28    3    0   14    4    4    0    0    1    4    2    1    1    0    0    2    1    1    6    0    1    0
  29    0    0    1    2   11    7    0    4    5    8    0    2    0    0    0    0    1    2    0    2    0
  30    1    0    5   11    1    3    0    0   14    1    0    2    0    0    3    4    0    0    0    0    0
END
