PROFILE 3
BEGIN
MATRIX K=45 L=31
  31    A    C    D    E    F    G    H    I    K    L    M    N    P    Q    R    S    T    V    W    Y    .
   0    0    0    0    0    5    0    1    5    1    8    3    0    0    0    0    0    1    0    2   19    0
   1    2    0    0    1    2    0    0    4    1   11    1    0    0    1    0    0    0    1    3   18    0
   2    8    1    4    7    0    2    1    1    7    2    0    1    0    5    0    5    0    1    0    0    0
   3    1    0    7    9    0    6    0    1    4    5    0    3    0    0    2    6    1    0    0    0    0
   4    0    0    0    0    5    0    0    2    1   27    1    0    0    0    0    0    0    1    7    1    0
   5    5    6    0    0    0    0    0   12    2    1    1    3    0    0    0    1    2   12    0    0    0
   6    4    0    5   10    0    1    0    0    9    0    0    4    0    2    3    4    3    0    0    0    0
   7    1    0    2    5    1    0    2    0   14    0    1    4    0    5    6    1    1    0    0    2    0
   8    0    0    0    0    2    0    1    0    0    0    0    0    5    0    0    0    0    0    0   37    0
   9    3    1    4    1    0    2    0    0    0    0    0    0   33    1    0    0    0    0    0    0    0
  10    0    0    0    0    1    0    0   31    0    6    1    0    0    0    0    0    0    6    0    0    0
  11    0    0    2    0    2    0    0   11    0    1    0    0    1    0    0    0    2   23    0    3    0
  12    0    0    0    0    2    0    0    0    0    3    0    0    0    0    0   34    0    0    0    6    0
  13    0    0    0    0    1    0    0   33    0    6    0    0    0    0    0    0    0    4    1    0    0
  14    0    0    0   45    0    0    0    0    0    0    0    0    0    0    0    0    0    0    0    0    0
  15    0    0   45    0    0    0    0    0    0    0    0    0    0    0    0    0    0    0    0    0    0
  16    2    1    0    0    0   13    0    0    0    0    0    0   29    0    0    0    0    0    0    0    0
  17    0    0    0    0   20    0    0    0    0   19    4    0    0    1    0    0    0    0    0    1    0
  18   13    0   13    3    1    2    3    0    0    0    0    1    0    0    0    8    0    0    0    1    0
  19    0    0    1   36    0    0    0    0    0    0    0    0    0    8    0    0    0    0    0    0    0
  20    0    0   17    7    0    3    2    0    2    2    0    9    0    0    1    2    0    0    0    0    0
  21    0    0   41    1    0    1    1    0    0    0    0    0    0    0    0    1    0    0    0    0    0
  22    0    0    0    0    6    0    1    0    0    3    0    0    0    0    0    0    0    0   28    7    0
  23    4    1   11   19    0    1    1    0    1    0    0    1    2    2    0    0    2    0    0    0    0
  24    6    0    2    0    0   23    0    0    0    0    1    4    1    0    0    5    2    1    0    0    0
  25    1    0    0    0   17    0    0    0    0    0    1    1    0    0    0    0    0    0   21    3    0
  26   16    0    0    2    0    1    0    1    6    1    0    0    0    3    1    6    4    4    0    0    0
  27    3    0    1    7    1    0    2    0    9    3    1    4    0    3    1    5    1    0    1    3    0
  28    2    0    0    0    9    0    0    2    0   28    3    0    0    0    0    0    0    1    0    0    0
  29    0    1    0    0    1    0    0    0    0    2    1    3    0    1    1    2   32    1    0    0    0
  30   14    0    5    8    0    1    0    0   12    0    0    1    0    1    0    2    0    0    0    1    0
END
