PROFILE 3
BEGIN
MATRIX K=45 L=31
  31    A    C    D    E    F    G    H    I    K    L    M    N    P    Q    R    S    T    V    W    Y    .
   0    7    0    1    5    3    0    0    0    8    2    1    2    0    2    1    5    1    0    4    2    0
   1    3    0    0    1    4    0    0    2    2   23    2    0    0    2    0    4    1    1    0    0    0
   2    1    0    0    1    2    0    2    0    1    3    1    4    0    0    0    2   26    1    0    1    0
   3   10    1    4    8    2    0    0    0    7    5    1    0    0    2    2    1    1    0    0    1    0
   4    5    0    1    5    1    0    0    1   14    2    0    1    0    2    4    2    5    2    0    0    0
   5    3    0    1    2    0    1    1   10    3   12    1    1    0    0    1    1    0    7    0    1    0
   6    0    1    0    1    2   31    0    0    1    2    0    2    0    1    0    1    3    0    0    0    0
   7    2    0   11    5    0    2    1    0    7    1    0    2    1    1    3    3    3    2    0    1    0
   8    0    0    4    1    1    4    1    2   16    0    0    0    1    4    8    1    1    1    0    0    0
   9    0    4    0    1    0    0    0   14    0    3    1    0    0    0    1    1    5   15    0    0    0
  10    0    0    1    4    0    0    0    2    2    3    2    1    0   30    0    0    0    0    0    0    0
  11    0    0    0    0    1    0    0   24    0   10    0    0    0    0    0    0    0   10    0    0    0
  12    0    3    0    0    0    0    0    2    0    0    0    0    0    0    0    0    2   38    0    0    0
  13    3    0    0    0    0   42    0    0    0    0    0    0    0    0    0    0    0    0    0    0    0
  14    0    0   45    0    0    0    0    0    0    0    0    0    0    0    0    0    0    0    0    0    0
  15    0    0   45    0    0    0    0    0    0    0    0    0    0    0    0    0    0    0    0    0    0
  16    0    0    0    0    2    0    0    5    0   34    1    0    1    0    0    0    1    1    0    0    0
  17    0    0    0    0   21    0    0    0    0    8    0    0    0    0    0    0    8    1    0    7    0
  18    2    6    0    0    0    0    0    0    0    0    0    0    0    0    0    0    7   30    0    0    0
  19    0    0    0    0    0    0    0    0    0    0    0    0    0    0    0    1   44    0    0    0    0
  20    0    0    2    0    0    0    0    0    0    0    0   41    0    2    0    0    0    0    0    0    0
  21    1    0    0    1    0    0    0    2    1    1    0    0   27    0    1    3    3    5    0    0    0
  22    4    0    2    9    0    0    0    2   14    1    0    2    0    3    2    4    1    1    0    0    0
  23    0    0    0    0    2    0    1    7    0    6    0    0    0    0   21    0    3    1    0    4    0
  24    0    0    0    0    2    0    0   18    0   17    0    0    0    0    0    1    1    6    0    0    0
  25    7    0    0    5    0    0    0    0   11    2    0    0    1    9    7    3    0    0    0    0    0
  26    1    0    1    9    0    0    0    1   18    0    3    1    0    4    4    0    3    0    0    0    0
  27   16    0    0    0    0   29    0    0    0    0    0    0    0    0    0    0    0    0    0    0    0
  28    1    0    0    2    0    2    0   31    1    2    0    0    0    0    0    1    0    5    0    0    0
  29    3    0    5   19    0    3    0    0    3    0    0    3    0    1    1    5    2    0    0    0    0
  30    2    0    0    7    1    2    0    1    9    5    6    1    0    2    5    1    1    1    0    1    0
END
