PROFILE 3
BEGIN
MATRIX K=45 L=31
  31    A    C    D    E    F    G    H    I    K    L    M    N    P    Q    R    S    T    V    W    Y    .
   0    7    0    0    5    0    0    0    0   11    2    0    0    1    9    7    3    0    0    0    0    0
   1    1    0    1    9    0    0    0    1   18    0    3    1    0    4    4    0    3    0    0    0    0
   2   16    0    0    0    0   29    0    0    0    0    0    0    0    0    0    0    0    0    0    0    0
   3    1    0    0    2    0    2    0   31    1    2    0    0    0    0    0    1    0    5    0    0    0
   4    3    0    5   19    0    3    0    0    3    0    0    3    0    1    1    5    2    0    0    0    0
   5    2    0    0    7    1    2    0    1    9    5    6    1    0    2    5    1    1    1    0    1    0
   6    0    0    2    0    0   17    0    0   17    0    0    3    0    0    2    3    0    1    0    0    0
   7   21    1    0    0    0    0    0    2    0    1    2    0    0    0    0    6    0    9    3    0    0
   8   20   11    1    0    0    5    0    0    0    0    1    0    0    0    0    0    4    2    0    1    0
   9    0    0    2    0    0    0    0    0    1    0    0   39    0    0    0    1    2    0    0    0    0
  10   19    3    0    0    0    4    0    0    0    0    0    1    0    0    0   15    2    0    0    1    0
  11    0    0    0    0    0    0    0   15    0   19    1    0    0    0    0    0    1    9    0    0    0
  12    0    0    0    0    0    0    0    3    0   42    0    0    0    0    0    0    0    0    0    0    0
  13    0    0    0    0    0    0    0   20    0   15    0    0    0    0    0    0    0   10    0    0    0
  14    0    0    0    0    0    0    0    0   45    0    0    0    0    0    0    0    0    0    0    0    0
  15    0    0    0    0    1    0    0    5    0   11    1    0   10    0    0    0    0   17    0    0    0
  16    0    0    1    0    0    0    0    0    0    0    0   43    0    0    0    0    0    0    0    0    0
  17    0    0    0    0    0    0    0    0    0    0    0    0    0   44    0    0    0    0    0    0    0
  18    0    1    0    0    0    0    0   38    0    0    0    1    0    0    0    0    0    4    0    0    0
  19    0    0    0    0    0   44    0    0    0    0    0    0    0    0    0    0    0    0    0    0    0
  20    0    0    0    0    0    0    0    0    0    0    0    0    0    0    0    9   35    0    0    0    0
  21    0    0    0    0    0    0    0    9    0   23    0    0    0    0    0    0    0   12    0    0    0
  22    0    0    0    0    0    0    0    0    0    1    0    0    0    0    0   15   28    0    0    0    0
  23    0    0    3   38    0    2    0    0    0    0    0    0    0    0    1    0    0    0    0    0    0
  24   12    0    0    0    0    0    0    0    0    0    0    0    0    0    0    7   25    0    0    0    0
  25    1    0    0    0    4    0    1   14    0   17    0    0    1    0    0    0    0    5    0    1    0
  26    3    0   10   17    0    0    0    0    4    1    0    1    0    7    0    0    0    0    0    1    0
  27   27    1    0    0    1    0    0    0    0    0    0    0    0    0    0    2   10    3    0    0    0
  28    8    3    0    0    1    0    1   21    0    0    0    1    0    0    0    0    1    8    0    0    0
  29    3    0    0    7    0    0    0    0   12    2    0    8    0    3    7    1    1    0    0    0    0
  30    2    0    1    0    2    0    0    4    0   22   10    0    0    0    0    0    3    0    0    0    0
END
