M1	M2	distance	distance_zscore
4	3	544.262634	-1.140273
5	3	769.933716	0.447085
5	4	637.734009	-0.482800
6	3	807.083374	0.708394
6	4	748.185547	0.294110
6	5	306.974487	-2.809345
7	3	685.969849	-0.143512
7	4	674.692017	-0.222840
7	5	737.001709	0.215443
7	6	503.180847	-1.429240
8	3	601.829834	-0.735348
8	4	607.171265	-0.697777
8	5	742.698303	0.255513
8	6	492.939484	-1.501277
8	7	519.460693	-1.314728
14	3	716.769104	0.073128
14	4	692.538208	-0.097311
14	5	784.310669	0.548212
14	6	820.914124	0.805679
14	7	726.594604	0.142240
14	8	680.209167	-0.184032
15	3	754.944031	0.341649
15	4	733.206055	0.188745
15	5	807.250854	0.709572
15	6	842.737061	0.959180
15	7	786.562073	0.564048
15	8	716.923767	0.074216
15	14	299.367279	-2.862854
16	3	754.033813	0.335246
16	4	748.512207	0.296408
16	5	836.522949	0.915470
16	6	868.737915	1.142069
16	7	783.499146	0.542504
16	8	751.641174	0.318417
16	14	791.354370	0.597757
16	15	826.133606	0.842392
17	3	645.403992	-0.428850
17	4	650.528015	-0.392808
17	5	678.666321	-0.194885
17	6	818.060120	0.785604
17	7	691.398682	-0.105326
17	8	650.952271	-0.389824
17	14	712.400085	0.042397
17	15	755.408142	0.344913
17	16	327.055969	-2.668093
18	3	601.687683	-0.736348
18	4	598.009644	-0.762219
18	5	642.585999	-0.448672
18	6	800.252808	0.660348
18	7	665.262512	-0.289166
18	8	594.616333	-0.786088
18	14	669.645325	-0.258338
18	15	714.804810	0.059312
18	16	406.980225	-2.105910
18	17	290.478699	-2.925375
21	3	568.117004	-0.972483
21	4	520.640442	-1.306430
21	5	666.757080	-0.278654
21	6	761.247498	0.385987
21	7	573.374817	-0.935499
21	8	468.956024	-1.669976
21	14	619.340759	-0.612177
21	15	665.880188	-0.284822
21	16	685.765747	-0.144948
21	17	558.847778	-1.037682
21	18	497.690765	-1.467857
22	3	629.423828	-0.541254
22	4	580.046326	-0.888572
22	5	733.308594	0.189466
22	6	828.556091	0.859432
22	7	664.557373	-0.294126
22	8	583.163818	-0.866644
22	14	697.255737	-0.064128
22	15	739.232849	0.231137
22	16	770.181396	0.448828
22	17	666.540466	-0.280177
22	18	618.974670	-0.614752
22	21	400.480713	-2.151627
23	3	776.383667	0.492454
23	4	740.027588	0.236727
23	5	825.169373	0.835610
23	6	905.747498	1.402392
23	7	783.715698	0.544027
23	8	737.469055	0.218731
23	14	825.566284	0.838402
23	15	850.596436	1.014463
23	16	821.186707	0.807596
23	17	754.409485	0.337889
23	18	700.932068	-0.038269
23	21	614.615112	-0.645417
23	22	406.143738	-2.111794
24	3	785.035156	0.553308
24	4	722.141724	0.110919
24	5	833.358032	0.893209
24	6	904.536316	1.393873
24	7	782.426270	0.534957
24	8	751.538208	0.317692
24	14	814.756165	0.762364
24	15	858.011597	1.066620
24	16	850.007080	1.010317
24	17	753.529297	0.331698
24	18	732.575195	0.184308
24	21	640.357361	-0.464348
24	22	573.726868	-0.933023
24	23	471.420502	-1.652641
25	3	744.441040	0.267771
25	4	691.461182	-0.104886
25	5	818.391174	0.787932
25	6	858.730530	1.071677
25	7	796.674561	0.635179
25	8	714.656738	0.058270
25	14	785.263794	0.554916
25	15	825.251587	0.836188
25	16	815.807007	0.769756
25	17	769.585999	0.444640
25	18	726.777100	0.143524
25	21	571.114990	-0.951395
25	22	642.266663	-0.450918
25	23	584.970764	-0.853934
25	24	457.436646	-1.751002
26	3	760.762756	0.382577
26	4	742.603027	0.254843
26	5	839.503723	0.936437
26	6	869.580444	1.147995
26	7	811.117249	0.736768
26	8	818.090210	0.785815
26	14	774.104553	0.476423
26	15	806.528564	0.704491
26	16	795.413574	0.626309
26	17	805.952637	0.700440
26	18	768.952393	0.440183
26	21	722.192627	0.111277
26	22	785.928162	0.559589
26	23	886.426453	1.266489
26	24	532.085632	-1.225925
26	25	256.264465	-3.166036
27	3	618.001221	-0.621600
27	4	609.693176	-0.680038
27	5	765.959656	0.419132
27	6	732.082397	0.180841
27	7	561.229675	-1.020928
27	8	233.986389	-3.322739
27	14	676.477112	-0.210283
27	15	719.031250	0.089040
27	16	755.320068	0.344294
27	17	672.486023	-0.238357
27	18	593.029846	-0.797247
27	21	521.509094	-1.300320
27	22	623.818970	-0.580678
27	23	738.463440	0.225725
27	24	745.951233	0.278394
27	25	725.063477	0.131470
27	26	829.744629	0.867792
29	3	771.455261	0.457788
29	4	722.061584	0.110355
29	5	765.108765	0.413147
29	6	790.504517	0.591779
29	7	741.108154	0.244328
29	8	627.917175	-0.551851
29	14	728.545105	0.155960
29	15	769.773193	0.445956
29	16	845.363892	0.977657
29	17	409.313599	-2.089497
29	18	178.820831	-3.710771
29	21	416.763397	-2.037096
29	22	723.821777	0.122736
29	23	805.135620	0.694694
29	24	809.673218	0.726611
29	25	779.583435	0.514961
29	26	794.386230	0.619083
29	27	659.368286	-0.330626
31	3	738.453918	0.225658
31	4	730.464844	0.169463
31	5	784.190491	0.547367
31	6	817.359680	0.780677
31	7	779.727295	0.515973
31	8	705.876587	-0.003489
31	14	250.419769	-3.207148
31	15	316.277954	-2.743905
31	16	817.398315	0.780949
31	17	744.499268	0.268181
31	18	700.484070	-0.041420
31	21	653.741089	-0.370207
31	22	729.155273	0.160252
31	23	843.429260	0.964049
31	24	868.799683	1.142503
31	25	794.599182	0.620581
31	26	784.637390	0.550510
31	27	702.682434	-0.025957
31	29	732.332520	0.182601
32	3	812.859131	0.749020
32	4	770.797607	0.453162
32	5	829.690247	0.867410
32	6	859.904358	1.079934
32	7	824.366638	0.829964
32	8	762.833984	0.397146
32	14	857.375916	1.062149
32	15	861.851013	1.093627
32	16	898.465942	1.351174
32	17	856.461975	1.055720
32	18	821.530823	0.810017
32	21	795.832214	0.629254
32	22	860.618652	1.084958
32	23	895.800781	1.332428
32	24	901.724609	1.374095
32	25	895.906921	1.333174
32	26	900.213379	1.363465
32	27	764.260315	0.407179
32	29	834.479736	0.901099
32	31	870.058594	1.151358
