PROFILE 3
BEGIN
MATRIX K=122 L=41
  41    A    C    D    E    F    G    H    I    K    L    M    N    P    Q    R    S    T    V    W    Y    .
   0    2    2    5   21   35    6    7    1    1    3    0    6    2    3    5    5    3    1   11    3    0
   1   37    0    2    8    1   19    2   11    2    6    1    1    0    2    0   10    7    9    0    4    0
   2    9    0    2    4    9    2    1   10    1   39    3    0    2    0    3    3    2   32    0    0    0
   3    5    1    6   27    0    8    1    4   22   15    2    1    0    7    4    5    3   10    1    0    0
   4    6    8    3   12    3   30    3    0    6    7    0    0    2    5    0   21    3    2   11    0    0
   5   14    0    1    3    1    8    1   15    0   51    4    0    1    3    0    8    0    8    0    4    0
   6   17    1   15   11    2    1    7    6    1   17    2    2    1    4    1   10    2   13    1    8    0
   7   30    1    3    9    8    1    6    2    9    2    1    6    0    6    7   16    7    2    0    6    0
   8   32    4    5    6    1    2    3    5    0    2    1   10   15    4    2    4    3    8    0   15    0
   9    7    1    2    2    1   36   11    3    4    2    0    1   16    7    4   18    1    4    0    2    0
  10    2    0   12    7    1   13    1    0   38    6    0    8    3    5   16    3    4    3    0    0    0
  11    3    2    3    4   10    0    0   26    2   17    4    8    2    0    2    0   26   11    1    1    0
  12    1    1   10    0    8    0    4    9    0   11    2   11    7    3    5    1    4   12    1   32    0
  13    5    1   16   19    0    0   10    2   12    1    3    7    0    6   19   11    4    0    1    5    0
  14   12    4    9    5    4    1    0    0    1   27    0   30    1    3    3   10    2    1    5    4    0
  15   11   24    4    4    1    1    4    6    0    5    4    3    1    3    6   38    3    4    0    0    0
  16   17    8    1   13    2    9    1    0    0    9    1    1   21    3    3   26    4    2    1    0    0
  17   23    3    3    1    5    2    3    9    2   14    5    1    0    1    1   19   18    4    2    6    0
  18    8    1    0    0    3    0    0   60    0   19    5    0    0    3    0    2    7   14    0    0    0
  19    5    7    1    3    4    7    4    2    7   24    1    1    0    8   35    4    1    7    1    0    0
  20    3    0    1    1    0    0    0    0   46    0    0    1    0    2   65    1    2    0    0    0    0
  21   41    0    0    0    6   12    2    4    0   45    0    0    0    0    1    5    1    3    0    2    0
  22   20   29    0    0    0    0    0    5    3    9    4    0    3    3   13    0    3   26    3    1    0
  23    6    0   45   10    0   12    5    0   10    1    1   21    0    3    2    0    4    1    0    1    0
  24    0    0   57    0   40    0    0    1    1    0    0    0    1    2    0    1    0    0   17    2    0
  25    2    0    0    0    2    1    0   11    0   77    4    0    0    0    0    1   16    6    0    2    0
  26   14    0    1    8    0   19    2    2    8   33    5    1    0    4   13    1    1   10    0    0    0
  27    3   12    6    4    0    4    2    0    2    1    0    2    0    7    2   41   36    0    0    0    0
  28    7    5    0    1    8    0   10    8   25    1    0    2    0    0    2   20    8    2    0   23    0
  29    3    0    1   10    1    0    0    0   20    5    1    0    5   62    0    6    2    5    0    1    0
  30   16    0   12    7    7    1    2    2    7   16    3   21    0    2   14    1    6    5    0    0    0
  31   11    1   17   54    1    0    1    0    6    2    1    1   15    0    3    2    3    4    0    0    0
  32    4    2   36    4    2    5    4    2    9    8    4    6    0    3   13   13    2    5    0    0    0
  33   21    0    4   10    1   59    0    0    9    0    0    3    1    6    2    6    0    0    0    0    0
  34    1    0    2    6    1   58    1    2    0    1    0    1    1    2   42    1    0    1    0    2    0
  35    3    0    2    5    0   51    0    0    3    0    0    0    0    0    0    0    2    0   56    0    0
  36    4    0   20   15    0   51    4    1    6    2    1    0    0    6    1    7    2    0    2    0    0
  37    1    0    5   66    0    0    2    5    4    7    1    1    0    1    0    6    3   19    0    1    0
  38   22    3   12    3    1    4    1    0    0    3    0    8   11    0    4   42    6    0    1    1    0
  39    6   14    0    1    5    2    3    1   17    2    2    2    0    0    0   25    6    4    3   29    0
  40   11    6    2    5    3    8    0    2    6   31    2    0    0    3    4   23    2    8    2    4    0
END
