PROFILE 3
BEGIN
MATRIX K=122 L=41
  41    A    C    D    E    F    G    H    I    K    L    M    N    P    Q    R    S    T    V    W    Y    .
   0    4    3   22   29    0    1    0    5    2   40    3    1    0    4    2    0    0    5    0    1    0
   1   69    0    0    1    0    6    0   27    0    1    2    0    1    1    1    6    4    3    0    0    0
   2    5    0    7    7    2    3   12    9    3   34    5    0    0    2   15    4    0    7    0    7    0
   3   27    0    8   16    1    2    0    8    8    6   10   15    1    3    5    7    4    0    0    1    0
   4   17    0    1    9    3   26   34    3    5    2    0    1    0    1    4    3    1    5    1    6    0
   5   17    0    0    0    6    8    1   23    0    8    4    0    0   31    1    0    3   18    0    2    0
   6   27    2    1    3    2   15    1    0   16    3    4   18    0   11    9    2    0    4    0    4    0
   7   11    1    4   36    7    7    1    4   11    1    1    3    0    6    6    9    3    2    2    7    0
   8    4    1    1    6    3    1    1    8    3   17   24    1    8    1   26    3    1   10    0    2    0
   9   10    2   40    6    1    2    1   34    0    7    4    4    0    0    0    0    1    8    0    2    0
  10    7    1    7   17    0    3    5    5    3    3    0    8   25    2    9   20    6    1    0    0    0
  11    3    0   15   20    0    4    1    4    7    5    2    8    7    3    8    9   21    4    0    1    0
  12   33    3    0    5    0    1    0    2    5    4    3    3   34    1    0    7   10    6    3    2    0
  13    8    0    0    0    0    0    0   24    3   33    3    0    0    1    3    0    1   15   31    0    0
  14    3    0    6   16    1    0   28    0   41    2    1    1    0    6    8    1    2    2    1    3    0
  15    1    0   12   28    0    5    1    2   16    2    1    2    3    1   46    1    0    1    0    0    0
  16   26    0    0    1    4   32    0    8    0   28   14    0    1    0    1    0    2    5    0    0    0
  17   26    0    0    0    0    2    2   17    0    2    5   45    0    2    0    1    2   18    0    0    0
  18    7    0    2   13    1    3    0    1   32    1    1    4    0   12   17    5    4    3   14    2    0
  19    2    2    3   37    5    4    2    2    3   25    1    0    0    4    1    3    2    9    2   15    0
  20    2    5    1    0    8    0    0   13    2   64    2    0    0    0    8    2    5    7    0    3    0
  21    8    0    0    0    6    0    2   29    6   35   15    0    0    1    2    1    3   12    1    0    0
  22   10    0    6   12    2    3    0    1   15    1    0   34    0    6   11   11    8    0    0    0    0
  23    9    1    1    4    1    3    3    1    5    2    5    6   20    5    9   27   13    4    0    1    0
  24    1    4   17    1    0    1    2    0    4    1    0    7    2   56    5   10    8    0    0    1    0
  25    1    2    6    7    1    6    4    2    4   17   16    7    8    6    7   18    5    1    0    2    0
  26    5    1    6   34    4    1    2    3    2    1    2    7   21    1    1   15    3   11    0    0    0
  27    2    0   21    7    6    0    0    6    7    2    0   22   10    3    1   18    3   11    1    0    0
  28    2    2    2    3    1   57    2    3    2    5    4    0   14    0    3    6    6    7    0    1    0
  29    2    3   37   12    4    6    1    9    4    7    3    0    8    2    6    8    4    1    0    3    0
  30    4    2    6    3   33    1    2    2    3    8    1    1    1    1    4   10    4    5   26    3    0
  31    8    4   10    6    8    1    1    2   10   14    1    2   33    2    3    7    2    5    0    1    0
  32    5    4    2   16    4    2    0    4   19    2    2    1    1   39    3    2    6    7    0    1    0
  33    9    0    8   18    4    5    0    1   18    4    3    0    7   28    8    3    2    1    0    1    0
  34   16    6    4   32    5    1   11    7    3    3    0    2    1    2    5    5    3    5    0    9    0
  35   25    2    0    2   11    1    2   32    1   15    4    2    2    2    0    1    4    6    0    8    0
  36   10    0    1    9   15    1    1    3    0   10   14   14    0    0    4    5   28    2    1    2    0
  37    9    1   12    2    2   52    3    5    2   14    1   10    1    0    0    0    1    2    2    1    0
  38   16    2    0    0    3    5    0   12    1   15    3    5    1    0    3    5   17   31    1    0    0
  39    9    2    1    1   36   20    0    2    1    5    6    2    1    2   16    5    7    2    0    2    0
  40    5    3    0    0   15    3    0    4    1    7   19   25    2    1   21    5    2    7    0    0    0
END
