PROFILE 3
BEGIN
MATRIX K=122 L=31
  31    A    C    D    E    F    G    H    I    K    L    M    N    P    Q    R    S    T    V    W    Y    .
   0    4    0    3    8   12   54    1    0    4    6    4    3    1    6    3    2    7    4    0    0    0
   1    2    0    2    9    2   56    0    2    4    4    1    4    2    7    4    3    8    9    2    1    0
   2    1    0    9    2    2    7    2    4   10    1    1    5    1    1    9    1    1   14   50    1    0
   3    5    1    3    7    1   53    1    1   12    3    4    3    5    1    9    9    1    3    0    0    0
   4    1    0    2   11    4    0    0    9    3   47   14    5    3    2    3    3    2   10    0    3    0
   5    4    2    0    4    7    3   38    4    0   23    7    1   10    0    0    7    1    4    2    5    0
   6    4    3    5    4    2    2    4   35    2   13    6    4    4    2    2    6    9    8    0    7    0
   7    5    0   15   42    1   13    2    2    7    2    1    4    0    1    2    9    2    9    0    5    0
   8    5    3    9    8    1   46    2    1    5    0    0    1   10    1    1   11    5    4    0    9    0
   9    6    1    5   13    2   10   17    1   11    5    2    4   23    3    2    2    6    7    0    2    0
  10    2    0    8    2    4   10    1    4    3    5    6   11    1    1    7   44    8    5    0    0    0
  11    2    0   45    8    1    2    0    2    6    1    0   10    0    0    1    7   32    4    0    1    0
  12    8    1    2    2    1    1    2    6    0   36   34    0   11    1    3    7    2    4    0    1    0
  13    7    0    1    0   37    0    1   15    2   22    1    5    0    0    1   15    7    4    0    4    0
  14   13   12    5   19    0   26    4    1    4    0    0    1    1   15    5    2   12    2    0    0    0
  15    0    0    1    1    0    0    8    0    8    4    0    1    1   15   22   21   39    0    0    1    0
  16   13    1    0    0    5    0    0    9    0   54    0    0    2    0    0    1    7   30    0    0    0
  17    5    0    0   30    0    0    1    3    8   38    3    4    3    4    1    8    1    3   10    0    0
  18   14    2    0    0    4    3    1    6    0   28   16   23    0    4    1   12    3    3    2    0    0
  19    0    0    0    2    0    0    0   29    0    0    0    1    3    0    1    1    1   29    0   55    0
  20    2    0   49    1    6    0    2   14    0    1    3    2    1    0    5    0    5   26    2    3    0
  21   25   12   13    2    0    3    1    6    1    2    0    6    0    6    2   18   20    5    0    0    0
  22    0    0    0    0    1    0    0   11    0   80    9    0    1    3    1    0    1   15    0    0    0
  23    1    1    0   24    0    2    3    0   14    3    1    0    1   22   44    2    1    3    0    0    0
  24    2    4    0    0    1    0    1   18    5   29    7    2    0    0   41    4    2    2    0    4    0
  25    3    0    0    0    1    0    1    8    0   99    3    0    1    0    0    3    0    3    0    0    0
  26    2    1    0    0    0  110    0    0    4    1    1    0    1    0    1    1    0    0    0    0    0
  27    1    1    6   29    0    0    1   32    3   17    4    1    0    1    0    2    2   21    0    1    0
  28    8    1   18    8    1   25    1    0    2    1    0    4   10    0    0   35    4    2    0    2    0
  29   17    1    3    4    0    2    5    4    2    4    0    0   24    1   26    0    2    2    0   24    0
  30    3    0   31    5    7    2   44    0    5    3    0    9    0    3    2    1    3    0    0    3    0
END
