PROFILE 3
BEGIN
MATRIX K=122 L=41
  41    A    C    D    E    F    G    H    I    K    L    M    N    P    Q    R    S    T    V    W    Y    .
   0    6    0    5   12    4    0    2    0   41    4    1   12   16    5    2    3    4    1    0    4    0
   1   10    1    4    2    3    0    0    9   15   13    6    3    1    0    1   12    9   29    0    4    0
   2    6    2    1    0    4    0    1    8    0   63    4    5    0    3    0    0    0   19    0    6    0
   3    3   14    2    3    3    0    3    4    2   53    8   14    0    3    2    1    3    2    0    2    0
   4   10    0    1   38    0    2    3    3   10    9   30    0    0    3    5    2    1    4    0    1    0
   5    4    2    0    0   16    2    0    7    0   79    1    0    3    0    1    0    0    3    0    4    0
   6   71   17    3    1    0    1    2    0    3    6    0    0    0    0    6    0    4    4    3    1    0
   7    6   29    2    3    1    0    0    4   46    6    0    0    0    0    1    2    1   11    6    4    0
   8    2    2    2    2    1    0    1   12    2   52    4    0    0    1    1    1    0    6   32    1    0
   9    4    0   41   13    1   12    3    7    1    7    1    5    1    0    3    0    0   20    2    1    0
  10    1    1    7   33   47    0    1    0    1    4    1    1    0    0    3    2    0    5    0   15    0
  11    2    0   29    2    1    9    0    1    0    0    3   58    4    3    2    4    3    0    0    1    0
  12    1    0    0   11    3    2    2   29    1    9    6    2   34    1    3    3    9    4    0    2    0
  13    1    8   10    4   11    2    5    4    3   19    1   32    0    3    2    2    0   14    0    1    0
  14    1    0    6    2    3   14   15    1    2    0    0    1    0   46    1   27    0    1    0    2    0
  15   20    4   11   19    0    3    0    2    2    8    3    1   22    0    1   22    1    0    0    3    0
  16   34    0    1    3    1    0    4   13    1   23    2    5    3    8    3    2    5    8    0    6    0
  17    0    0    1    0   38    0   29    3    0    2    1    0    0   13    5    1    2   11    0   16    0
  18    6    1    0    3    0    0    2    4   40    6    0    1    2   41   13    0    0    1    1    1    0
  19    4    0    2   24    0    1    2    3   25   15    1    3    1    9   26    4    1    1    0    0    0
  20    5    1    6   51    0   10   40    0    1    2    0    1    0    1    0    0    2    0    2    0    0
  21    1    2    0    0    5    0    1    9    1   79    8    0    0    2    6    0    0    5    3    0    0
  22   24    1    2   14    1    4    0    1   26    2    0    3   11   14    6   11    1    0    0    1    0
  23    7    0    8   13    1   10    3    2    2    4    1    2    5    5   43    6    1    1    0    8    0
  24    5    0    1    0    6    1    0   38    0   34    2    0    0    0    0    4    1   29    0    1    0
  25    7    5   12    8    5    0    4    0    7    5    1    3   13    3    2   34    6    4    0    3    0
  26    1    1   38    3    0    2    0    0    8    4    0    3    0    1   47   11    3    0    0    0    0
  27    1    1    0    0   13    1    2    0    0   10    1    1    0    0    0    0    1    3   58   30    0
  28    5    1    1    0    5    4    0    7    0   33    6    3    0    0    1    2    0    4   47    3    0
  29    1    0    0    0    2    0    0    5   34    5    2    5    1    2    7    3    2   15   37    1    0
  30    2    0   25   22    1    1    5   13    4   11    4    7    0    2    1    6    0   17    1    0    0
  31   26    2    1    0    1   10    0    0    3   14    3    6    1    2    8   23   19    0    0    3    0
  32    1    9   14   36    3   29    0    0    3    1    0    4    4    2    5    9    1    1    0    0    0
  33    0    0   41    5   17    1    0    4    1   30    1    0    1    2    2    6    5    1    3    2    0
  34   10    3    6    9    0   51    1    1    1    2    1    0   11    5    0    7    5    7    0    2    0
  35    5    1   10   18    1    3    3    1    9    7   34    3    1    8    1    6    4    1    0    6    0
  36    2    1    2    2    7    0    2    2   43   16    7    3    1    6    6    2    8    4    3    5    0
  37    2    5    6    0    3    6    0    9    4   28   31    6    0    0    1    0   11    9    0    1    0
  38    0    1    3    8   27    0    3    1    1    2    2    4   22   38    4    2    2    1    0    1    0
  39   10    7    1    2   18   25    0    1    3    1    0    2    8    3    1   20    4    3    0   13    0
  40   19   14    0    2   16    0    0    5    1    1    1    0    1    0   25    2    8   11    1   15    0
END
