PROFILE 3
BEGIN
MATRIX K=122 L=41
  41    A    C    D    E    F    G    H    I    K    L    M    N    P    Q    R    S    T    V    W    Y    .
   0   13    2    0    2    2    4    5   11    0    4    0    5    0    0    7    2   15   19    0   31    0
   1    1    0    1    1   12    4    8    0    2    1    1    0   13    1   43    1    0    1    1   31    0
   2   13    3    6    2    0   47   36    0    2    1    0    5    0    4    0    0    1    0    0    2    0
   3    1    0    1    1    1    4    0   26    2    8    1    1    2    0    8   10   49    6    0    1    0
   4    0    1    0    5    2    3    1   10    7   26    7    1    4    0   11   28    4    9    0    3    0
   5    1    0   27   22    2    5    1    2   40    2    1    1   17    0    0    0    0    1    0    0    0
   6    0    0    5   53    1   57    0    0    0    0    0    0    0    2    1    3    0    0    0    0    0
   7   29    0    0    0    0   21    0    4    0   54    0    0    0    0    0   12    2    0    0    0    0
   8    4    0    1   26    3    1    1    2   10    0    0    1    0    6    3    3    3    2   56    0    0
   9   18    2    1    0    1    5    1   10    2   27    0    6   21    3    0    2   19    4    0    0    0
  10    0    0    0    0   95    0    0    1    3   14    2    0    0    0    0    0    1    0    0    6    0
  11    1    0    1    9    1    0    0    3    0    1    0    3    0    9    0   41   49    4    0    0    0
  12    9    0   30   16   11    0    4    1    0    3    3    8    2    2    1    5   21    2    0    4    0
  13   41    2    4    3    3    6    4    5    5    6    6    3    0    9    8    1    3   11    0    2    0
  14    0    1   36    1    8    0    0   21    0    5    2   17    0    1    1    1    2   26    0    0    0
  15    5    1    5   20    0    0   24    0   14    0    0    8    0   22   16    0    4    2    0    1    0
  16    1    0    0    2    4   37    2    2    7    1    1    7    1    2   44    2    1    1    2    5    0
  17    2    0    1    3    0    0    1    1    2    1    0    1    0    1    1    0    0    0   87   21    0
  18    3    0   47    2    0    0    2    2    0    1    0    7   30   16    2    2    5    3    0    0    0
  19    4    0   20    0    3    1    1   25    1    7    3    1    9    0    0    2    4   39    0    2    0
  20    3    2    3    7    0    1    0    2    6    7    0   13    0    0    0   62    3   12    0    1    0
  21   14    3   56    9    1    5    1    3    0    5    0    2    1    1    5   11    1    3    0    1    0
  22    5   38   20    2    1    0    0   19    1   14    5    0    1    0    0    0    8    6    1    1    0
  23    1    0   24   14    0    2    1    1    4    4    0    2    2    1    1    6   57    2    0    0    0
  24   46    8    3    7    0    4    2    0    4    4    0    1    0   13   11   12    6    0    0    1    0
  25    6    2    2   39    0    0    4    4    1   43    3    3    1    0    1    0    0   11    0    2    0
  26   15    3    3    1    0   21    0    1    1    2    0    2   46    1    0    7    0   19    0    0    0
  27    5    0   13   18    3    1    1    7    3   33    4    4    4    1    2    5    2   11    0    5    0
  28    2    2    0    5    1    1    1    1   39    2   11    3    0    4    5    0    1    0    2   42    0
  29   37   12    2    1    1    0    2    6    2    3   43    0    0    1    0    6    0    5    0    1    0
  30   11   11    1    4    2    0    0    4   30   19    3    0    0    9    8    3    1   16    0    0    0
  31    2    1    5    9    0    8    2   21    3   45    5    6    5    1    3    2    1    3    0    0    0
  32   12   21    2    0    5    4    1    8    3   33    3    1    0    0    8    4    3   10    3    1    0
  33    5    1    0    4   25    0    1    3    2   37    4    1    0    0    0    2    0    8    0   29    0
  34    2    0    2    8    7    1    2    1   13   14    9    0    0   10   13   30    3    4    1    2    0
  35   22    1    4    2    4    4    3    6   14   18    8    3    0    7    3    6    5    9    3    0    0
  36    5    2    3    2    6    0    2   12    1   42   12    2    8    0    3    3    2   14    2    1    0
  37    4    1    9    2    6    2    4    1    1   17    2    9   26    4    2    9    0    3    0   20    0
  38    5    0   18   16    3    3    2    3    5    1    1   27   17    3    2    9    3    3    0    1    0
  39    2    1   13   31   14    2    0    5    2   10    0    5    3    2    2    7   15    5    1    2    0
  40    7    1    2    4    5    1    1   31    1   13    5    2    4    1    4    3    7   22    0    8    0
END
