M1	M2	distance	distance_zscore
3	0	805.585327	0.472745
4	0	769.167969	0.243534
4	3	544.262634	-1.172024
5	0	827.834106	0.612780
5	3	769.933716	0.248354
5	4	637.734009	-0.583714
6	0	852.825562	0.770076
6	3	807.083374	0.482174
6	4	748.185547	0.111470
6	5	306.974487	-2.665520
7	0	817.368591	0.546910
7	3	685.969849	-0.280116
7	4	674.692017	-0.351099
7	5	737.001709	0.041079
7	6	503.180847	-1.430593
8	0	753.898560	0.147428
8	3	601.829834	-0.809695
8	4	607.171265	-0.776076
8	5	742.698303	0.076933
8	6	492.939484	-1.495053
8	7	519.460693	-1.328128
11	0	940.631958	1.322731
11	3	908.163757	1.118376
11	4	862.895020	0.833454
11	5	903.788269	1.090836
11	6	913.241150	1.150333
11	7	841.947632	0.701610
11	8	845.228271	0.722259
12	0	938.370728	1.308499
12	3	854.199829	0.778726
12	4	818.794373	0.555883
12	5	919.393738	1.189058
12	6	940.770325	1.323602
12	7	839.476929	0.686060
12	8	821.194702	0.570991
12	11	77.697861	-4.108591
13	0	862.580566	0.831474
13	3	741.339478	0.068381
13	4	733.880371	0.021433
13	5	781.352600	0.320224
13	6	813.102539	0.520059
13	7	779.260559	0.307057
13	8	710.360168	-0.126603
13	11	659.834961	-0.444610
13	12	92.798416	-4.013547
14	0	849.723816	0.750554
14	3	716.769104	-0.086265
14	4	692.538208	-0.238775
14	5	784.310669	0.338842
14	6	820.914124	0.569225
14	7	726.594604	-0.024424
14	8	680.209167	-0.316374
14	11	919.310181	1.188532
14	12	639.901062	-0.570074
14	13	251.861877	-3.012399
15	0	854.259766	0.779103
15	3	754.944031	0.154008
15	4	733.206055	0.017189
15	5	807.250854	0.483228
15	6	842.737061	0.706579
15	7	786.562073	0.353013
15	8	716.923767	-0.085292
15	11	932.995605	1.274668
15	12	913.514160	1.152051
15	13	321.135498	-2.576390
15	14	299.367279	-2.713400
16	0	893.059021	1.023306
16	3	754.033813	0.148279
16	4	748.512207	0.113526
16	5	836.522949	0.667467
16	6	868.737915	0.870229
16	7	783.499146	0.333735
16	8	751.641174	0.133220
16	11	932.906982	1.274110
16	12	914.170593	1.156183
16	13	818.656738	0.555017
16	14	791.354370	0.383176
16	15	826.133606	0.602077
17	0	850.554993	0.755785
17	3	645.403992	-0.535439
17	4	650.528015	-0.503188
17	5	678.666321	-0.326085
17	6	818.060120	0.551262
17	7	691.398682	-0.245947
17	8	650.952271	-0.500518
17	11	884.451477	0.969130
17	12	819.321228	0.559199
17	13	746.802490	0.102765
17	14	712.400085	-0.113764
17	15	755.408142	0.156929
17	16	327.055969	-2.539126
18	0	813.131714	0.520243
18	3	601.687683	-0.810590
18	4	598.009644	-0.833739
18	5	642.585999	-0.553175
18	6	800.252808	0.439182
18	7	665.262512	-0.410449
18	8	594.616333	-0.855097
18	11	844.386780	0.716962
18	12	792.951599	0.393229
18	13	702.721619	-0.174680
18	14	669.645325	-0.382863
18	15	714.804810	-0.098629
18	16	406.980225	-2.036082
18	17	290.478699	-2.769345
21	0	784.888794	0.342481
21	3	568.117004	-1.021884
21	4	520.640442	-1.320703
21	5	666.757080	-0.401042
21	6	761.247498	0.193682
21	7	573.374817	-0.988791
21	8	468.956024	-1.646005
21	11	813.043152	0.519685
21	12	801.794556	0.448886
21	13	657.524475	-0.459152
21	14	619.340759	-0.699481
21	15	665.880188	-0.406561
21	16	685.765747	-0.281401
21	17	558.847778	-1.080225
21	18	497.690765	-1.465148
22	0	851.996216	0.764856
22	3	629.423828	-0.636018
22	4	580.046326	-0.946801
22	5	733.308594	0.017834
22	6	828.556091	0.617324
22	7	664.557373	-0.414887
22	8	583.163818	-0.927179
22	11	849.092041	0.746577
22	12	850.076050	0.752771
22	13	731.950562	0.009287
22	14	697.255737	-0.209083
22	15	739.232849	0.055122
22	16	770.181396	0.249913
22	17	666.540466	-0.402405
22	18	618.974670	-0.701785
22	21	400.480713	-2.076990
23	0	891.002930	1.010365
23	3	776.383667	0.288950
23	4	740.027588	0.060124
23	5	825.169373	0.596008
23	6	905.747498	1.103168
23	7	783.715698	0.335098
23	8	737.469055	0.044020
23	11	981.794250	1.581807
23	12	971.095520	1.514469
23	13	846.469604	0.730072
23	14	825.566284	0.598506
23	15	850.596436	0.756046
23	16	821.186707	0.570941
23	17	754.409485	0.150644
23	18	700.932068	-0.185944
23	21	614.615112	-0.729224
23	22	406.143738	-2.041347
24	0	898.143921	1.055311
24	3	785.035156	0.343402
24	4	722.141724	-0.052450
24	5	833.358032	0.647547
24	6	904.536316	1.095545
24	7	782.426270	0.326982
24	8	751.538208	0.132572
24	11	950.317505	1.383692
24	12	957.424255	1.428422
24	13	871.449280	0.887294
24	14	814.756165	0.530467
24	15	858.011597	0.802717
24	16	850.007080	0.752337
24	17	753.529297	0.145104
24	18	732.575195	0.013218
24	21	640.357361	-0.567202
24	22	573.726868	-0.986576
24	23	471.420502	-1.630494
25	0	888.614868	0.995335
25	3	744.441040	0.087902
25	4	691.461182	-0.245554
25	5	818.391174	0.553346
25	6	858.730530	0.807242
25	7	796.674561	0.416661
25	8	714.656738	-0.099561
25	11	935.610657	1.291127
25	12	940.013184	1.318837
25	13	796.090393	0.412984
25	14	785.263794	0.344841
25	15	825.251587	0.596525
25	16	815.807007	0.537081
25	17	769.585999	0.246165
25	18	726.777100	-0.023275
25	21	571.114990	-1.003015
25	22	642.266663	-0.555185
25	23	584.970764	-0.915806
25	24	457.436646	-1.718508
26	0	894.264282	1.030892
26	3	760.762756	0.190631
26	4	742.603027	0.076334
26	5	839.503723	0.686228
26	6	869.580444	0.875532
26	7	811.117249	0.507563
26	8	818.090210	0.551451
26	11	909.955994	1.129656
26	12	879.730774	0.939418
26	13	785.641174	0.347217
26	14	774.104553	0.274605
26	15	806.528564	0.478682
26	16	795.413574	0.408724
26	17	805.952637	0.475057
26	18	768.952393	0.242177
26	21	722.192627	-0.052130
26	22	785.928162	0.349023
26	23	886.426453	0.981561
26	24	532.085632	-1.248666
26	25	256.264465	-2.984689
27	0	755.236206	0.155847
27	3	618.001221	-0.707912
27	4	609.693176	-0.760203
27	5	765.959656	0.223341
27	6	732.082397	0.010117
27	7	561.229675	-1.065233
27	8	233.986389	-3.124908
27	11	528.080750	-1.273873
27	12	834.756714	0.656351
27	13	706.545654	-0.150612
27	14	676.477112	-0.339864
27	15	719.031250	-0.072027
27	16	755.320068	0.156375
27	17	672.486023	-0.364984
27	18	593.029846	-0.865082
27	21	521.509094	-1.315235
27	22	623.818970	-0.671295
27	23	738.463440	0.050279
27	24	745.951233	0.097407
27	25	725.063477	-0.034060
27	26	829.744629	0.624804
28	0	110.912239	-3.899539
28	3	461.521271	-1.692800
28	4	794.119324	0.400578
28	5	831.169800	0.633775
28	6	884.868347	0.971754
28	7	765.763367	0.222105
28	8	715.307129	-0.095467
28	11	963.865234	1.468962
28	12	933.141663	1.275587
28	13	803.998962	0.462761
28	14	793.791565	0.398515
28	15	830.655762	0.630539
28	16	799.770325	0.436146
28	17	753.693848	0.146140
28	18	748.908569	0.116021
28	21	660.515869	-0.440324
28	22	772.380676	0.263755
28	23	896.989563	1.048045
28	24	815.726135	0.536572
28	25	832.975098	0.645137
28	26	883.819763	0.965154
28	27	745.707947	0.095876
29	0	825.257324	0.596561
29	3	771.455261	0.257930
29	4	722.061584	-0.052954
29	5	765.108765	0.217985
29	6	790.504517	0.377827
29	7	741.108154	0.066925
29	8	627.917175	-0.645501
29	11	898.562561	1.057946
29	12	895.761902	1.040318
29	13	733.086365	0.016436
29	14	728.545105	-0.012147
29	15	769.773193	0.247343
29	16	845.363892	0.723112
29	17	409.313599	-2.021396
29	18	178.820831	-3.472121
29	21	416.763397	-1.974506
29	22	723.821777	-0.041876
29	23	805.135620	0.469915
29	24	809.673218	0.498475
29	25	779.583435	0.309089
29	26	794.386230	0.402258
29	27	659.368286	-0.447547
29	28	804.727173	0.467344
