PROFILE 3
BEGIN
MATRIX K=22 L=31
  31    A    C    D    E    F    G    H    I    K    L    M    N    P    Q    R    S    T    V    W    Y    .
   0    0    0    1    4    1    0    0    5    0    3    0    1    1    1    1    2    0    1    0    1    0
   1    4    0    1    7    0    2    1    0    2    0    0    1    1    2    0    0    0    1    0    0    0
   2    2    0    0    4    0    0    0    0    1    7    0    0    1    2    1    1    0    1    0    2    0
   3    1    2    0    3    0    3    0    2    2    6    0    0    1    0    0    0    0    0    2    0    0
   4    1    0    2    3    0    0    0    3    4    1    1    1    0    1    5    0    0    0    0    0    0
   5    2    0    3    6    1    2    0    0    3    0    0    0    0    1    0    1    0    3    0    0    0
   6    4    0    2    2    2    1    0    1    0    3    1    0    0    3    0    0    0    1    0    2    0
   7    1    0    0    3    0    0    1    4    1    2    0    2    1    0    1    0    3    2    0    1    0
   8    3    0    5    5    0    5    0    1    0    0    0    0    0    2    1    0    0    0    0    0    0
   9    4    0    2    2    0    2    0    2    1    4    0    0    0    1    1    2    0    1    0    0    0
  10    0    0    0    0    0   10    0    1    2    1    0    0    1    0    3    0    3    1    0    0    0
  11    9    0    0    0    2    0    0    5    0    0    1    0    0    0    0    0    0    5    0    0    0
  12    1    0    1    0    0    3    0    4    2    1    0    0    0    0    1    1    3    5    0    0    0
  13    4    0    0    0    0    7    0    4    0    0    1    0    1    0    0    3    0    1    0    1    0
  14    1    0    0    0    5    0    0    6    0    5    1    0    0    0    0    0    1    3    0    0    0
  15    1    0    2    0    0    3    0    0   11    0    0    0    0    0    0    1    3    0    1    0    0
  16    1    1    0    2    1    0    0    4    0    5    0    0    1    0    1    1    1    4    0    0    0
  17    7    0    0    0    3    1    4    2    0    0    1    0    1    0    0    0    2    0    0    1    0
  18    1    0    1    3    0    4    1    1    0    1    3    0    4    0    0    1    2    0    0    0    0
  19    4    0    5    2    1    0    1    0    0    1    0    0    1    0    1    3    3    0    0    0    0
  20    2    1    2    3    1    2    0    1    0    0    0    1    0    0    0    1    0    0    3    5    0
  21    1    0    1    3    1    3    1    0    4    1    1    1    1    0    1    1    2    0    0    0    0
  22    4    1    0    0    2    2    0    2    0    0    0    3    1    1    1    1    3    1    0    0    0
  23    1    0    0    2    1    0    1    0    1    0    1    0    2    0    1    3    7    2    0    0    0
  24    2    0    1    2    3    3    0    1    0    0    0    3    5    0    1    0    0    0    1    0    0
  25    4    0    0    3    2    1    1    1    1    1    2    0    0    1    0    4    1    0    0    0    0
  26    4    0    1    1    1    0    0    1    0    2    0    0    2    2    0    5    0    1    0    2    0
  27    0    0    5    2    0    2    1    4    0    5    0    1    1    0    0    1    0    0    0    0    0
  28    2    0    5    1    2    1    0    0    1    2    0    1    0    0    2    0    1    2    2    0    0
  29    0    1    0    4    0    2    2    0    0    2    0    0    2    0    3    0    0    5    0    1    0
  30    2    0    0    3    0    2    1    0    1    3    0    0    0    0    0    3    3    4    0    0    0
END
