PROFILE 3
BEGIN
MATRIX K=22 L=31
  31    A    C    D    E    F    G    H    I    K    L    M    N    P    Q    R    S    T    V    W    Y    .
   0    1    0    3    2    2    0    1    1    1    1    1    0    2    1    0    1    4    1    0    0    0
   1    4    0    1    0    2    3    0    0    0    2    0    1    0    0    1    1    3    0    3    1    0
   2    3    0    1    2    1    5    1    0    0    1    1    0    1    2    0    2    1    1    0    0    0
   3    5    1    0    0    0    2    0    1    1    1    0    0    3    0    0    2    2    3    0    1    0
   4    1    0    4    2    2    1    0    0    0    3    0    0    1    1    0    4    3    0    0    0    0
   5    0    0    4    4    2    0    0    0    1    1    0    0    3    1    0    1    2    3    0    0    0
   6    2    0    2    4    0    3    0    1    1    0    0    1    4    0    1    1    0    1    0    1    0
   7    4    0    0    4    2    2    1    0    0    1    0    0    0    1    0    2    2    2    0    1    0
   8    0    0    0    0    2    1    3    5    0    7    1    0    0    1    0    1    0    1    0    0    0
   9    1    0    2    1    2    0    1    2    1    2    1    1    0    1    0    1    0    3    1    2    0
  10    1    2    0    6    0    0    1    0    4    1    0    1    1    2    3    0    0    0    0    0    0
  11    6    0    0    0    0    0    0    1    0    2    1    0    0    1    0    2    4    5    0    0    0
  12    3    1    0    0    3    0    1    2    0    9    0    0    0    0    0    0    0    1    0    2    0
  13    4    0    3    4    0    0    0    0    2    3    0    0    0    1    3    0    2    0    0    0    0
  14    3    0    0    4    0    1    2    0    1    3    0    0    1    0    3    0    1    3    0    0    0
  15   13    0    0    0    1    0    1    1    0    4    1    0    0    0    0    1    0    0    0    0    0
  16    2    0    3    1    0    1    0    1    5    0    0    2    0    1    1    1    0    4    0    0    0
  17    1    0    1    5    0    0    0    0    8    1    0    0    0    1    2    1    1    1    0    0    0
  18    3    1    0    1    0    1    2    1    0    5    1    1    0    0    1    1    2    0    0    2    0
  19    0    0    5    0    0   12    0    0    0    0    0    2    0    0    0    2    1    0    0    0    0
  20    2    1    0    0    0    2    0    4    0    3    1    0    0    0    2    2    0    5    0    0    0
  21    1    0    0    0    0    0    2    2    0    5    0    0    4    3    0    0    0    5    0    0    0
  22    2    0    0    0    0    1    0    4    0    3    0    0    1    0    2    0    1    7    0    1    0
  23    4    0    2    0    0    2    0    0    0    1    2    0    0    0    0    4    4    3    0    0    0
  24    2    0    1    0    0    0    0    3    1    2    1    0    0    0    0    0    3    9    0    0    0
  25    1    0    0    0    0    2   16    0    0    0    0    0    2    0    0    0    1    0    0    0    0
  26    6    2    0    0    0    2    4    1    0    1    1    0    0    0    0    2    2    1    0    0    0
  27    0    0    4    5    0    2    0    0    0    1    0    0    0    0    2    2    3    2    0    1    0
  28    1    0    3    4    1    0    0    1    0    1    0    4    0    0    0    1    5    1    0    0    0
  29    5    0    0    3    0    2    1    1    0    3    0    0    0    0    0    1    2    4    0    0    0
  30    1    0    4    1    1    3    1    0    0    0    0    3    1    0    0    2    4    0    0    1    0
END
