PROFILE 3
BEGIN
MATRIX K=22 L=31
  31    A    C    D    E    F    G    H    I    K    L    M    N    P    Q    R    S    T    V    W    Y    .
   0    5    0    1    6    1    0    0    2    0    2    1    0    0    1    0    0    1    2    0    0    0
   1    1    1    3    1    4    0    0    2    1    6    0    0    1    0    0    0    0    2    0    0    0
   2    3    0    0    3    1    1    0    0    1    5    0    0    0    2    2    0    4    0    0    0    0
   3    1    0    0    2    1    0    1    1    1    5    2    2    0    0    2    3    1    0    0    0    0
   4    5    1    1    2    0    1    2    1    1    2    1    0    0    2    1    0    2    0    0    0    0
   5    4    0    1    5    1    4    0    0    1    0    0    1    0    1    2    0    0    2    0    0    0
   6    1    0    2    2    0    1    0    4    0    6    0    0    0    1    0    1    1    2    0    1    0
   7    3    0    1    1    0    1    0    1    3    2    1    1    1    0    0    3    3    1    0    0    0
   8    2    0    1    2    0    7    0    1    0    3    0    1    3    0    1    0    1    0    0    0    0
   9    4    1    0    1    0    2    0    0    2    1    0    1    0    0    3    5    0    2    0    0    0
  10    1    0    0    0    0    0    0    0    4    0    0    0    3    1    5    0    5    2    1    0    0
  11    0    0    0    2    0    1    0    3    1    3    1    0    0    0    1    1    1    8    0    0    0
  12    0    2    0    0    0    1    4    3    0    1    0    0    0    0    3    0    3    2    0    3    0
  13    2    0    0    0    2    0    0    5    0    1    1    0    1    1    0    1    2    6    0    0    0
  14    1    0    0    1    3    5    0    1    0    2    0    0    0    0    0    3    3    3    0    0    0
  15    0    0    0    0    0    0   22    0    0    0    0    0    0    0    0    0    0    0    0    0    0
  16    1    2    0    0    1    2    1    2    0    2    0    0    0    0    0    3    3    5    0    0    0
  17    0    0    3    3    1    1    0    0    1    0    0    1    1    0    0    3    4    1    0    3    0
  18    3    3    2    0    0    3    3    0    0    1    0    3    0    0    1    1    1    1    0    0    0
  19    5    0    0    1    0    1    0    0    3    2    2    1    1    0    0    1    4    0    0    1    0
  20    0    0    6    1    0    4    1    1    0    2    1    0    2    1    1    1    0    1    0    0    0
  21    3    0    3    3    0    4    0    0    2    0    0    1    1    0    0    3    0    1    0    1    0
  22    1    1    2    1    0    3    0    0    0    7    0    0    2    0    1    0    0    2    0    2    0
  23    1    0    3    4    2    0    3    0    0    1    0    2    0    0    1    2    1    0    1    1    0
  24    6    0    1    2    2    1    2    0    1    1    0    1    0    0    0    1    1    0    0    3    0
  25    2    0    0    0    0    2    2    3    1    4    0    0    3    1    1    1    0    2    0    0    0
  26    2    0    3    0    0    0    1    0    1    2    2    0    0    0    5    0    2    1    0    3    0
  27    3    0    1    3    2    0    0    3    1    2    0    3    0    1    1    1    1    0    0    0    0
  28    4    0    0    1    0    1    0    4    3    2    2    0    1    0    2    1    0    1    0    0    0
  29    3    0    2    1    1    2    0    1    3    2    0    1    1    1    2    0    2    0    0    0    0
  30    5    0    2    1    0    0    0    2    0    4    1    1    0    0    1    2    1    2    0    0    0
END
