PROFILE 3
BEGIN
MATRIX K=22 L=31
  31    A    C    D    E    F    G    H    I    K    L    M    N    P    Q    R    S    T    V    W    Y    .
   0    1    0    1    0    0    1    1    1    1    3    0    2    1    0    2    3    1    4    0    0    0
   1    1    0    2    2    0    6    0    1    0    1    1    0    2    0    0    1    3    0    0    2    0
   2    0    0    1    0    1    1    1    0    1    2    2    2    1    0    3    4    2    0    1    0    0
   3    0    0    2    1    0    2    0    2    1    5    0    2    0    1    0    4    0    2    0    0    0
   4    1    1    3    1    1    2    0    0    1    1    2    2    1    0    0    3    3    0    0    0    0
   5    1    0   10    0    4    1    0    0    0    1    0    0    0    0    0    0    3    2    0    0    0
   6    1    1    2    0    0    3    1    0    0    0    0    1    3    0    2    3    2    2    1    0    0
   7    4    0    2    0    0    2    1    1    2    1    2    0    0    2    2    0    2    0    1    0    0
   8    5    0    3    0    0    3    0    3    2    2    0    0    2    0    0    0    0    1    0    1    0
   9    2    1    0    1    0    1    0    0    0    3    3    0    5    0    3    1    0    1    0    1    0
  10    1    0    0    1    1    6    0    2    0    2    0    6    0    0    1    0    0    2    0    0    0
  11    0    0    0    1    2    7    0    0    0    0    0    4    1    0    3    3    0    0    0    1    0
  12    4    0    1    0    2    1    1    2    2    1    0    0    3    0    0    1    2    2    0    0    0
  13    1    0    2    2    0    4    0    0    1    4    0    0    5    0    0    2    0    0    0    1    0
  14    1    0    1    3    1    4    0    1    1    1    0    2    0    0    1    1    4    0    0    1    0
  15    1    0    0    0    1    0    0    2    0    8    5    0    0    0    1    0    0    4    0    0    0
  16    2    0    2    4    1    0    0    2    1    3    0    1    0    0    0    2    2    1    1    0    0
  17    0    0    2    4    3    2    0    0    1    2    0    0    0    2    0    0    5    0    0    1    0
  18    1    0    2    1    1    1    0    2    0    0    1    0    0    0    6    2    2    2    0    1    0
  19    1    0    0    0    2    0    0    1    0    3    1    0    3    0    0    0    3    5    0    3    0
  20    1    0    1    1    0    0    1    0    1    2    1    1    3    3    3    1    0    0    3    0    0
  21    0    0    0    0    0    0    1    1    0    3    5    1    0    4    4    0    2    1    0    0    0
  22    1    0    0    0    1    1    0    2    0    4    2    0    0    0    0    0    4    7    0    0    0
  23    4    0    0    0    2    0    0    2    2    4    0    0    0    0    3    2    0    1    0    2    0
  24    0    0    2    3    0    1    2    0    4    1    0    0    2    3    0    2    2    0    0    0    0
  25    0    0    3    2    4    1    1    0    2    2    0    2    0    0    1    1    0    2    0    1    0
  26    0    1    0    0    0    4    0    0    0    4    5    1    0    1    0    0    2    2    0    2    0
  27    0    0    1    0    1    4    0    0    4    0    0    3    0    1    3    1    0    4    0    0    0
  28    2    2    0    3    3    1    0    0    3    1    0    1    0    0    2    2    0    2    0    0    0
  29    0    0    1    2    0    1    0    0    4    1    1    1    1    4    1    3    2    0    0    0    0
  30    1    0    0    3    1    6    0    2    0    1    1    1    0    1    3    0    0    0    2    0    0
END
