PROFILE 3
BEGIN
MATRIX K=26 L=31
  31    A    C    D    E    F    G    H    I    K    L    M    N    P    Q    R    S    T    V    W    Y    .
   0    1    1    1    1    2    3    1    0    1    0    0    7    0    1    4    3    0    0    0    0    0
   1    3    0    2    2    0    4    0    0    8    2    0    0    0    0    2    1    0    0    1    1    0
   2    2    0    0    0    1    5    1    2    0    4    0    2    0    0    0    5    1    3    0    0    0
   3    0    0    0    0    1    3    0    0    8    2    0    0    3    2    3    1    3    0    0    0    0
   4    0    0    0    2    2    7    0    2    0    9    0    0    1    1    0    0    1    1    0    0    0
   5    2    0    0    0    0    6    4    1    0    1    1    5    0    0    1    1    3    1    0    0    0
   6    8    0    1    1    0    1    0    1    0    1    4    0    1    0    2    1    3    1    1    0    0
   7    3    0    0    0    1    0    2    0    0    0    4    7    0    0    1    6    1    1    0    0    0
   8   19    0    0    0    0    1    0    1    0    0    0    0    0    0    0    0    2    3    0    0    0
   9    2    0    0    0    0    0    0    9    7    2    0    0    0    0    3    0    0    3    0    0    0
  10    8    0    0    0    1    2    0    0    0    6    0    1    0    0    0    4    2    0    0    2    0
  11   11    1    0    0    0   12    0    0    0    0    0    0    0    0    0    0    1    1    0    0    0
  12    0    1    0    0    0    0    0    8    0    4    0    0    0    0    0    0    0   13    0    0    0
  13    0    0    9    8    0    0    0    0    0    0    0    0    0    0    0    8    1    0    0    0    0
  14    1    3    0    0    0    0    0    2    0    6    8    0    0    3    0    2    1    0    0    0    0
  15   26    0    0    0    0    0    0    0    0    0    0    0    0    0    0    0    0    0    0    0    0
  16    2    0    0    0    0    0    0    4    0   13    1    1    0    0    0    0    0    5    0    0    0
  17    3    2    0    0    0    0    1    0    0    7    0    0    0    0    0    2    0    0   10    1    0
  18    0    0   19    1    0    0    0    0    4    0    0    0    0    0    2    0    0    0    0    0    0
  19   13    0    0    0    0    1    0    2    0   10    0    0    0    0    0    0    0    0    0    0    0
  20    6    0    0    1    2    2    0    0    5    3    0    0    0    1    0    0    2    2    1    1    0
  21   17    0    1    0    0    7    0    0    0    1    0    0    0    0    0    0    0    0    0    0    0
  22    5    0    1    0    0    0    0    0    9    1    0    0    0    3    6    0    1    0    0    0    0
  23    7    0    0    4    0    0    2    1    0    1    2    0    0    0    3    1    1    3    0    1    0
  24    2    1    0    1    0    0    2    0    3   10    0    0    1    2    2    1    0    1    0    0    0
  25    0    0    0    4    0   12    0    0    2    0    0    4    0    4    0    0    0    0    0    0    0
  26    3    0    0    0    0    0    0    1    2    5    2    0    0    2    3    0    1    7    0    0    0
  27    1    0    0    0    0    0    0    0    0    1    0    1   16    0    0    6    1    0    0    0    0
  28    0    0    0    0    1    0    0    2    1   14    0    1    0    0    0    0    0    6    0    0    0
  29    8    0    0    0    1    0    0    0    0    0    0    0    0    0    0    1    2    1    1   12    0
  30    2    0    2    7    0    0    1    0    5    0    0    0    0    3    5    1    0    0    0    0    0
END
