PROFILE 3
BEGIN
MATRIX K=26 L=31
  31    A    C    D    E    F    G    H    I    K    L    M    N    P    Q    R    S    T    V    W    Y    .
   0    0    0    0    0    0   17    0    0    0    0    0    0    0    0    0    4    5    0    0    0    0
   1    0    0    0    0    0    0    0    8    0    7    3    0    1    0    0    0    0    6    0    1    0
   2    1    1    0    1    0    0    2    0    0    1    0    1    0    2    1    5   11    0    0    0    0
   3    2    0    0   11    0    6    0    0    1    0    0    3    1    0    0    1    1    0    0    0    0
   4    8    1    0    0    0    0    0    2    0    1    1    0    0    0    0    5    4    2    1    1    0
   5    1    0    0    1    1    0    0    5    0    7    1    0    0    2    3    0    0    4    0    1    0
   6    3    0    3    3    0    0    0    0    9    0    0    0    0    1    7    0    0    0    0    0    0
   7    8    0    0    0    0    0    0    7    0    1    0    0    0    1    0    1    3    5    0    0    0
   8   13    1    0    0    0    0    2    3    0    1    0    1    0    0    0    2    0    2    0    0    0
   9    7    0    2    3    0    1    1    0    3    2    0    0    0    5    0    0    1    0    0    0    0
  10    1    0    1    1    2    0    0    1    0    7    6    0    0    0    0    0    0    4    0    3    0
  11   16    8    0    0    0    0    0    0    0    1    0    0    0    0    0    1    0    0    0    0    0
  12    2    0    0    7    1    0    2    0    6    0    1    2    0    3    1    1    0    0    0    0    0
  13   12    0    1    6    0    0    0    0    2    2    0    0    0    1    0    1    1    0    0    0    0
  14    5    1    0    0    4    0    3    0    0    1    0    6    0    1    1    1    0    0    1    2    0
  15    0    0    2    1    0   21    0    0    0    0    0    0    0    1    0    1    0    0    0    0    0
  16    0    0    0    0    1    0    0    6    0    4    0    0    0    1    0    0    0    4    5    2    0
  17    1    0    0    4    0    5    0    0    0    3    0    0    2    0    1    4    6    0    0    0    0
  18    5    2    0    0    0    0    0    0    0    3    1    0    1    0    0    2    2    8    2    0    0
  19    1    0    0    1    0    3    0    0    0    0    6    0    0    0    0    3    0    4    3    5    0
  20    0    3    0    0    0    3    0    2    0    2    0    0    2    1    1    4    0    7    0    1    0
  21    0    1    0    0    0   10    8    0    0    0    0    0    0    0    0    7    0    0    0    0    0
  22    0    2    0    0    0    8    6    1    0    1    0    1    0    0    0    4    3    0    0    0    0
  23    1    0    0    0    1    0    0    0    0    0    8    3    3    0    6    2    2    0    0    0    0
  24    0    2    0    0    1    0    1    3    0    6    0    2    0    1    0    8    1    0    0    1    0
  25    1    1    3    7    0    9    2    0    0    0    0    2    0    0    0    0    0    1    0    0    0
  26    1    0    0    8    2    2    0    1    0    1    0    0    2    0    0    4    3    0    0    1    0
  27    0    0    2    0    0    3    1    1    1    0    0    1    0    0    0    6   10    1    0    0    0
  28    2    0    0    7    0    0    1    4    0    4    0    1    1    2    1    0    0    3    0    0    0
  29    1    0    6    0    1    8    3    1    0    1    1    0    0    0    1    2    0    1    0    0    0
  30    4    2    0    0    0    0    0    2    0    4    0    0    0    0    3    4    6    1    0    0    0
END
