6	0.0723281901754
7	0.0680759729478
8	0.0613939173045
9	0.071396752116
10	0.0698578544527
11	0.0712347628883
14	0.0110557647916
15	0.00959786174219
19	0.00813995869275
20	0.0105697971085
23	0.00737050986109
24	0.00996233750456
25	0.0104078078808
33	0.00360426031669
36	0.00295630340582
37	0.00267282225732
38	0.00360426031669
40	0.00384724415826
41	0.00376624954441
42	0.00384724415826
46	0.0377434900579
48	0.0297655205929
55	0.0110557647916
56	0.00384724415826
59	0.00813995869275
63	0.00777548293039
64	0.0537804236018
65	0.00813995869275
66	0.00728951524724
78	0.0535374397603
80	0.0323573482363
81	0.0490017413842
82	0.0940752439963
84	0.0978009962338
