6	0.0349278663629
7	0.0318906605923
8	0.0341685649203
9	0.0379650721336
10	0.0326499620349
11	0.0364464692483
14	0.044039483675
15	0.0318906605923
19	0.0288534548216
20	0.0402429764617
23	0.0220197418375
24	0.0349278663629
25	0.0364464692483
33	0.0113895216401
36	0.0113895216401
37	0.00911161731207
38	0.0113895216401
40	0.0144267274108
41	0.0129081245254
42	0.0144267274108
46	0.0205011389522
48	0.0220197418375
55	0.0296127562642
56	0.0113895216401
59	0.0250569476082
63	0.0227790432802
64	0.044039483675
65	0.0242976461655
66	0.0182232346241
78	0.0402429764617
80	0.0159453302961
81	0.0637813211845
82	0.0751708428246
84	0.0554290053151
