6	0.047197640118
7	0.0412979351032
8	0.0412979351032
9	0.0442477876106
10	0.0383480825959
11	0.047197640118
14	0.0147492625369
15	0.0147492625369
19	0.00884955752212
20	0.0176991150442
23	0.00884955752212
24	0.0147492625369
25	0.0147492625369
33	0.0117994100295
36	0.00884955752212
37	0.00589970501475
38	0.0117994100295
40	0.0117994100295
41	0.0117994100295
42	0.0117994100295
46	0.0383480825959
48	0.0442477876106
55	0.0206489675516
56	0.00589970501475
59	0.0147492625369
63	0.0117994100295
64	0.0619469026549
65	0.0147492625369
66	0.0117994100295
78	0.0560471976401
80	0.0383480825959
81	0.070796460177
82	0.0973451327434
84	0.0855457227139
