6	6	0.00593692022263
6	7	0.00408163265306
6	8	0.00408163265306
6	9	0.00408163265306
6	10	0.00296846011132
6	11	0.00371057513915
6	14	0.000371057513915
6	15	0.000371057513915
6	19	0.000371057513915
6	20	0.000371057513915
6	23	0.000371057513915
6	24	0.000371057513915
6	25	0.000371057513915
6	33	0.000371057513915
6	36	0.000371057513915
6	37	0.000371057513915
6	38	0.000371057513915
6	40	0.000371057513915
6	41	0.000371057513915
6	42	0.000371057513915
6	46	0.000371057513915
6	48	0.000371057513915
6	55	0.000371057513915
6	56	0.000371057513915
6	59	0.000371057513915
6	63	0.000371057513915
6	64	0.000371057513915
6	65	0.000371057513915
6	66	0.000371057513915
6	78	0.000371057513915
6	80	0.000371057513915
6	81	0.000371057513915
6	82	0.000371057513915
6	84	0.00371057513915
7	6	0.00408163265306
7	7	0.00519480519481
7	8	0.00371057513915
7	9	0.00333951762523
7	10	0.00296846011132
7	11	0.00296846011132
7	14	0.000371057513915
7	15	0.000371057513915
7	19	0.000371057513915
7	20	0.000371057513915
7	23	0.000371057513915
7	24	0.000371057513915
7	25	0.000371057513915
7	33	0.000371057513915
7	36	0.000371057513915
7	37	0.000371057513915
7	38	0.000371057513915
7	40	0.000371057513915
7	41	0.000371057513915
7	42	0.000371057513915
7	46	0.000371057513915
7	48	0.000371057513915
7	55	0.000371057513915
7	56	0.000371057513915
7	59	0.000371057513915
7	63	0.000371057513915
7	64	0.000371057513915
7	65	0.000371057513915
7	66	0.000371057513915
7	78	0.000371057513915
7	80	0.000371057513915
7	81	0.000371057513915
7	82	0.000371057513915
7	84	0.00296846011132
8	6	0.00408163265306
8	7	0.00371057513915
8	8	0.00519480519481
8	9	0.00333951762523
8	10	0.0025974025974
8	11	0.00333951762523
8	14	0.000371057513915
8	15	0.000371057513915
8	19	0.000371057513915
8	20	0.000371057513915
8	23	0.000371057513915
8	24	0.000371057513915
8	25	0.000371057513915
8	33	0.000371057513915
8	36	0.000371057513915
8	37	0.000371057513915
8	38	0.000371057513915
8	40	0.000371057513915
8	41	0.000371057513915
8	42	0.000371057513915
8	46	0.000371057513915
8	48	0.000371057513915
8	55	0.000371057513915
8	56	0.000371057513915
8	59	0.000371057513915
8	63	0.000371057513915
8	64	0.000371057513915
8	65	0.000371057513915
8	66	0.000371057513915
8	78	0.000371057513915
8	80	0.000371057513915
8	81	0.000371057513915
8	82	0.000371057513915
8	84	0.00333951762523
9	6	0.00408163265306
9	7	0.00333951762523
9	8	0.00333951762523
9	9	0.00556586270872
9	10	0.00408163265306
9	11	0.00445269016698
9	14	0.000371057513915
9	15	0.000371057513915
9	19	0.000371057513915
9	20	0.000371057513915
9	23	0.000371057513915
9	24	0.000371057513915
9	25	0.000371057513915
9	33	0.000371057513915
9	36	0.000371057513915
9	37	0.000371057513915
9	38	0.000371057513915
9	40	0.000371057513915
9	41	0.000371057513915
9	42	0.000371057513915
9	46	0.000371057513915
9	48	0.000371057513915
9	55	0.000371057513915
9	56	0.000371057513915
9	59	0.000371057513915
9	63	0.000371057513915
9	64	0.000371057513915
9	65	0.000371057513915
9	66	0.000371057513915
9	78	0.000371057513915
9	80	0.000371057513915
9	81	0.000371057513915
9	82	0.000371057513915
9	84	0.00445269016698
10	6	0.00296846011132
10	7	0.00296846011132
10	8	0.0025974025974
10	9	0.00408163265306
10	10	0.00482374768089
10	11	0.00408163265306
10	14	0.000371057513915
10	15	0.000371057513915
10	19	0.000371057513915
10	20	0.000371057513915
10	23	0.000371057513915
10	24	0.000371057513915
10	25	0.000371057513915
10	33	0.000371057513915
10	36	0.000371057513915
10	37	0.000371057513915
10	38	0.000371057513915
10	40	0.000371057513915
10	41	0.000371057513915
10	42	0.000371057513915
10	46	0.000371057513915
10	48	0.000371057513915
10	55	0.000371057513915
10	56	0.000371057513915
10	59	0.000371057513915
10	63	0.000371057513915
10	64	0.000371057513915
10	65	0.000371057513915
10	66	0.000371057513915
10	78	0.000371057513915
10	80	0.000371057513915
10	81	0.000371057513915
10	82	0.000371057513915
10	84	0.00408163265306
11	6	0.00371057513915
11	7	0.00296846011132
11	8	0.00333951762523
11	9	0.00445269016698
11	10	0.00408163265306
11	11	0.00593692022263
11	14	0.000371057513915
11	15	0.000371057513915
11	19	0.000371057513915
11	20	0.000371057513915
11	23	0.000371057513915
11	24	0.000371057513915
11	25	0.000371057513915
11	33	0.000371057513915
11	36	0.000371057513915
11	37	0.000371057513915
11	38	0.000371057513915
11	40	0.000371057513915
11	41	0.000371057513915
11	42	0.000371057513915
11	46	0.000371057513915
11	48	0.000371057513915
11	55	0.000371057513915
11	56	0.000371057513915
11	59	0.000371057513915
11	63	0.000371057513915
11	64	0.000371057513915
11	65	0.000371057513915
11	66	0.000371057513915
11	78	0.000371057513915
11	80	0.000371057513915
11	81	0.000371057513915
11	82	0.000371057513915
11	84	0.00593692022263
14	6	0.000371057513915
14	7	0.000371057513915
14	8	0.000371057513915
14	9	0.000371057513915
14	10	0.000371057513915
14	11	0.000371057513915
14	14	0.00185528756957
14	15	0.00185528756957
14	19	0.00111317254174
14	20	0.00185528756957
14	23	0.00111317254174
14	24	0.00185528756957
14	25	0.00185528756957
14	33	0.000371057513915
14	36	0.000371057513915
14	37	0.000371057513915
14	38	0.000371057513915
14	40	0.000371057513915
14	41	0.000371057513915
14	42	0.000371057513915
14	46	0.000371057513915
14	48	0.000371057513915
14	55	0.000371057513915
14	56	0.000371057513915
14	59	0.000371057513915
14	63	0.000371057513915
14	64	0.000371057513915
14	65	0.000371057513915
14	66	0.000371057513915
14	78	0.000371057513915
14	80	0.000371057513915
14	81	0.00185528756957
14	82	0.00185528756957
14	84	0.000371057513915
15	6	0.000371057513915
15	7	0.000371057513915
15	8	0.000371057513915
15	9	0.000371057513915
15	10	0.000371057513915
15	11	0.000371057513915
15	14	0.00185528756957
15	15	0.00185528756957
15	19	0.00111317254174
15	20	0.00185528756957
15	23	0.00111317254174
15	24	0.00185528756957
15	25	0.00185528756957
15	33	0.000371057513915
15	36	0.000371057513915
15	37	0.000371057513915
15	38	0.000371057513915
15	40	0.000371057513915
15	41	0.000371057513915
15	42	0.000371057513915
15	46	0.000371057513915
15	48	0.000371057513915
15	55	0.000371057513915
15	56	0.000371057513915
15	59	0.000371057513915
15	63	0.000371057513915
15	64	0.000371057513915
15	65	0.000371057513915
15	66	0.000371057513915
15	78	0.000371057513915
15	80	0.000371057513915
15	81	0.00185528756957
15	82	0.00185528756957
15	84	0.000371057513915
19	6	0.000371057513915
19	7	0.000371057513915
19	8	0.000371057513915
19	9	0.000371057513915
19	10	0.000371057513915
19	11	0.000371057513915
19	14	0.00111317254174
19	15	0.00111317254174
19	19	0.00111317254174
19	20	0.00111317254174
19	23	0.000742115027829
19	24	0.00111317254174
19	25	0.00111317254174
19	33	0.000371057513915
19	36	0.000371057513915
19	37	0.000371057513915
19	38	0.000371057513915
19	40	0.000371057513915
19	41	0.000371057513915
19	42	0.000371057513915
19	46	0.000371057513915
19	48	0.000371057513915
19	55	0.000371057513915
19	56	0.000371057513915
19	59	0.000371057513915
19	63	0.000371057513915
19	64	0.000371057513915
19	65	0.000371057513915
19	66	0.000371057513915
19	78	0.000371057513915
19	80	0.000371057513915
19	81	0.00111317254174
19	82	0.00111317254174
19	84	0.000371057513915
20	6	0.000371057513915
20	7	0.000371057513915
20	8	0.000371057513915
20	9	0.000371057513915
20	10	0.000371057513915
20	11	0.000371057513915
20	14	0.00185528756957
20	15	0.00185528756957
20	19	0.00111317254174
20	20	0.00222634508349
20	23	0.00111317254174
20	24	0.00185528756957
20	25	0.00185528756957
20	33	0.000371057513915
20	36	0.000371057513915
20	37	0.000371057513915
20	38	0.000371057513915
20	40	0.000371057513915
20	41	0.000371057513915
20	42	0.000371057513915
20	46	0.000371057513915
20	48	0.000371057513915
20	55	0.000371057513915
20	56	0.000371057513915
20	59	0.000371057513915
20	63	0.000371057513915
20	64	0.000371057513915
20	65	0.000371057513915
20	66	0.000371057513915
20	78	0.000371057513915
20	80	0.000371057513915
20	81	0.00222634508349
20	82	0.00185528756957
20	84	0.000371057513915
23	6	0.000371057513915
23	7	0.000371057513915
23	8	0.000371057513915
23	9	0.000371057513915
23	10	0.000371057513915
23	11	0.000371057513915
23	14	0.00111317254174
23	15	0.00111317254174
23	19	0.000742115027829
23	20	0.00111317254174
23	23	0.00111317254174
23	24	0.00111317254174
23	25	0.00111317254174
23	33	0.000371057513915
23	36	0.000371057513915
23	37	0.000371057513915
23	38	0.000371057513915
23	40	0.000371057513915
23	41	0.000371057513915
23	42	0.000371057513915
23	46	0.000371057513915
23	48	0.000371057513915
23	55	0.000371057513915
23	56	0.000371057513915
23	59	0.000371057513915
23	63	0.000371057513915
23	64	0.000371057513915
23	65	0.000371057513915
23	66	0.000371057513915
23	78	0.000371057513915
23	80	0.000371057513915
23	81	0.00111317254174
23	82	0.00111317254174
23	84	0.000371057513915
24	6	0.000371057513915
24	7	0.000371057513915
24	8	0.000371057513915
24	9	0.000371057513915
24	10	0.000371057513915
24	11	0.000371057513915
24	14	0.00185528756957
24	15	0.00185528756957
24	19	0.00111317254174
24	20	0.00185528756957
24	23	0.00111317254174
24	24	0.00185528756957
24	25	0.00185528756957
24	33	0.000371057513915
24	36	0.000371057513915
24	37	0.000371057513915
24	38	0.000371057513915
24	40	0.000371057513915
24	41	0.000371057513915
24	42	0.000371057513915
24	46	0.000371057513915
24	48	0.000371057513915
24	55	0.000371057513915
24	56	0.000371057513915
24	59	0.000371057513915
24	63	0.000371057513915
24	64	0.000371057513915
24	65	0.000371057513915
24	66	0.000371057513915
24	78	0.000371057513915
24	80	0.000371057513915
24	81	0.00185528756957
24	82	0.00185528756957
24	84	0.000371057513915
25	6	0.000371057513915
25	7	0.000371057513915
25	8	0.000371057513915
25	9	0.000371057513915
25	10	0.000371057513915
25	11	0.000371057513915
25	14	0.00185528756957
25	15	0.00185528756957
25	19	0.00111317254174
25	20	0.00185528756957
25	23	0.00111317254174
25	24	0.00185528756957
25	25	0.00185528756957
25	33	0.000371057513915
25	36	0.000371057513915
25	37	0.000371057513915
25	38	0.000371057513915
25	40	0.000371057513915
25	41	0.000371057513915
25	42	0.000371057513915
25	46	0.000371057513915
25	48	0.000371057513915
25	55	0.000371057513915
25	56	0.000371057513915
25	59	0.000371057513915
25	63	0.000371057513915
25	64	0.000371057513915
25	65	0.000371057513915
25	66	0.000371057513915
25	78	0.000371057513915
25	80	0.000371057513915
25	81	0.00185528756957
25	82	0.00185528756957
25	84	0.000371057513915
33	6	0.000371057513915
33	7	0.000371057513915
33	8	0.000371057513915
33	9	0.000371057513915
33	10	0.000371057513915
33	11	0.000371057513915
33	14	0.000371057513915
33	15	0.000371057513915
33	19	0.000371057513915
33	20	0.000371057513915
33	23	0.000371057513915
33	24	0.000371057513915
33	25	0.000371057513915
33	33	0.00148423005566
33	36	0.00111317254174
33	37	0.000742115027829
33	38	0.00148423005566
33	40	0.00148423005566
33	41	0.00148423005566
33	42	0.00148423005566
33	46	0.000371057513915
33	48	0.000371057513915
33	55	0.000371057513915
33	56	0.000371057513915
33	59	0.000371057513915
33	63	0.000371057513915
33	64	0.000371057513915
33	65	0.000371057513915
33	66	0.000371057513915
33	78	0.000371057513915
33	80	0.000371057513915
33	81	0.000371057513915
33	82	0.000371057513915
33	84	0.00148423005566
36	6	0.000371057513915
36	7	0.000371057513915
36	8	0.000371057513915
36	9	0.000371057513915
36	10	0.000371057513915
36	11	0.000371057513915
36	14	0.000371057513915
36	15	0.000371057513915
36	19	0.000371057513915
36	20	0.000371057513915
36	23	0.000371057513915
36	24	0.000371057513915
36	25	0.000371057513915
36	33	0.00111317254174
36	36	0.00111317254174
36	37	0.000742115027829
36	38	0.00111317254174
36	40	0.00111317254174
36	41	0.00111317254174
36	42	0.00111317254174
36	46	0.000371057513915
36	48	0.000371057513915
36	55	0.000371057513915
36	56	0.000371057513915
36	59	0.000371057513915
36	63	0.000371057513915
36	64	0.000371057513915
36	65	0.000371057513915
36	66	0.000371057513915
36	78	0.000371057513915
36	80	0.000371057513915
36	81	0.000371057513915
36	82	0.000371057513915
36	84	0.00111317254174
37	6	0.000371057513915
37	7	0.000371057513915
37	8	0.000371057513915
37	9	0.000371057513915
37	10	0.000371057513915
37	11	0.000371057513915
37	14	0.000371057513915
37	15	0.000371057513915
37	19	0.000371057513915
37	20	0.000371057513915
37	23	0.000371057513915
37	24	0.000371057513915
37	25	0.000371057513915
37	33	0.000742115027829
37	36	0.000742115027829
37	37	0.000742115027829
37	38	0.000742115027829
37	40	0.000742115027829
37	41	0.000742115027829
37	42	0.000742115027829
37	46	0.000371057513915
37	48	0.000371057513915
37	55	0.000371057513915
37	56	0.000371057513915
37	59	0.000371057513915
37	63	0.000371057513915
37	64	0.000371057513915
37	65	0.000371057513915
37	66	0.000371057513915
37	78	0.000371057513915
37	80	0.000371057513915
37	81	0.000371057513915
37	82	0.000371057513915
37	84	0.000742115027829
38	6	0.000371057513915
38	7	0.000371057513915
38	8	0.000371057513915
38	9	0.000371057513915
38	10	0.000371057513915
38	11	0.000371057513915
38	14	0.000371057513915
38	15	0.000371057513915
38	19	0.000371057513915
38	20	0.000371057513915
38	23	0.000371057513915
38	24	0.000371057513915
38	25	0.000371057513915
38	33	0.00148423005566
38	36	0.00111317254174
38	37	0.000742115027829
38	38	0.00148423005566
38	40	0.00148423005566
38	41	0.00148423005566
38	42	0.00148423005566
38	46	0.000371057513915
38	48	0.000371057513915
38	55	0.000371057513915
38	56	0.000371057513915
38	59	0.000371057513915
38	63	0.000371057513915
38	64	0.000371057513915
38	65	0.000371057513915
38	66	0.000371057513915
38	78	0.000371057513915
38	80	0.000371057513915
38	81	0.000371057513915
38	82	0.000371057513915
38	84	0.00148423005566
40	6	0.000371057513915
40	7	0.000371057513915
40	8	0.000371057513915
40	9	0.000371057513915
40	10	0.000371057513915
40	11	0.000371057513915
40	14	0.000371057513915
40	15	0.000371057513915
40	19	0.000371057513915
40	20	0.000371057513915
40	23	0.000371057513915
40	24	0.000371057513915
40	25	0.000371057513915
40	33	0.00148423005566
40	36	0.00111317254174
40	37	0.000742115027829
40	38	0.00148423005566
40	40	0.00148423005566
40	41	0.00148423005566
40	42	0.00148423005566
40	46	0.000371057513915
40	48	0.000371057513915
40	55	0.000371057513915
40	56	0.000371057513915
40	59	0.000371057513915
40	63	0.000371057513915
40	64	0.000371057513915
40	65	0.000371057513915
40	66	0.000371057513915
40	78	0.000371057513915
40	80	0.000371057513915
40	81	0.000371057513915
40	82	0.000371057513915
40	84	0.00148423005566
41	6	0.000371057513915
41	7	0.000371057513915
41	8	0.000371057513915
41	9	0.000371057513915
41	10	0.000371057513915
41	11	0.000371057513915
41	14	0.000371057513915
41	15	0.000371057513915
41	19	0.000371057513915
41	20	0.000371057513915
41	23	0.000371057513915
41	24	0.000371057513915
41	25	0.000371057513915
41	33	0.00148423005566
41	36	0.00111317254174
41	37	0.000742115027829
41	38	0.00148423005566
41	40	0.00148423005566
41	41	0.00148423005566
41	42	0.00148423005566
41	46	0.000371057513915
41	48	0.000371057513915
41	55	0.000371057513915
41	56	0.000371057513915
41	59	0.000371057513915
41	63	0.000371057513915
41	64	0.000371057513915
41	65	0.000371057513915
41	66	0.000371057513915
41	78	0.000371057513915
41	80	0.000371057513915
41	81	0.000371057513915
41	82	0.000371057513915
41	84	0.00148423005566
42	6	0.000371057513915
42	7	0.000371057513915
42	8	0.000371057513915
42	9	0.000371057513915
42	10	0.000371057513915
42	11	0.000371057513915
42	14	0.000371057513915
42	15	0.000371057513915
42	19	0.000371057513915
42	20	0.000371057513915
42	23	0.000371057513915
42	24	0.000371057513915
42	25	0.000371057513915
42	33	0.00148423005566
42	36	0.00111317254174
42	37	0.000742115027829
42	38	0.00148423005566
42	40	0.00148423005566
42	41	0.00148423005566
42	42	0.00148423005566
42	46	0.000371057513915
42	48	0.000371057513915
42	55	0.000371057513915
42	56	0.000371057513915
42	59	0.000371057513915
42	63	0.000371057513915
42	64	0.000371057513915
42	65	0.000371057513915
42	66	0.000371057513915
42	78	0.000371057513915
42	80	0.000371057513915
42	81	0.000371057513915
42	82	0.000371057513915
42	84	0.00148423005566
46	6	0.000371057513915
46	7	0.000371057513915
46	8	0.000371057513915
46	9	0.000371057513915
46	10	0.000371057513915
46	11	0.000371057513915
46	14	0.000371057513915
46	15	0.000371057513915
46	19	0.000371057513915
46	20	0.000371057513915
46	23	0.000371057513915
46	24	0.000371057513915
46	25	0.000371057513915
46	33	0.000371057513915
46	36	0.000371057513915
46	37	0.000371057513915
46	38	0.000371057513915
46	40	0.000371057513915
46	41	0.000371057513915
46	42	0.000371057513915
46	46	0.00482374768089
46	48	0.00333951762523
46	55	0.000371057513915
46	56	0.000371057513915
46	59	0.000371057513915
46	63	0.000371057513915
46	64	0.000742115027829
46	65	0.000371057513915
46	66	0.000371057513915
46	78	0.000371057513915
46	80	0.000371057513915
46	81	0.0025974025974
46	82	0.00296846011132
46	84	0.0025974025974
48	6	0.000371057513915
48	7	0.000371057513915
48	8	0.000371057513915
48	9	0.000371057513915
48	10	0.000371057513915
48	11	0.000371057513915
48	14	0.000371057513915
48	15	0.000371057513915
48	19	0.000371057513915
48	20	0.000371057513915
48	23	0.000371057513915
48	24	0.000371057513915
48	25	0.000371057513915
48	33	0.000371057513915
48	36	0.000371057513915
48	37	0.000371057513915
48	38	0.000371057513915
48	40	0.000371057513915
48	41	0.000371057513915
48	42	0.000371057513915
48	46	0.00333951762523
48	48	0.00556586270872
48	55	0.000371057513915
48	56	0.000371057513915
48	59	0.000371057513915
48	63	0.000371057513915
48	64	0.000742115027829
48	65	0.000371057513915
48	66	0.000371057513915
48	78	0.000371057513915
48	80	0.000371057513915
48	81	0.00296846011132
48	82	0.00371057513915
48	84	0.00371057513915
55	6	0.000371057513915
55	7	0.000371057513915
55	8	0.000371057513915
55	9	0.000371057513915
55	10	0.000371057513915
55	11	0.000371057513915
55	14	0.000371057513915
55	15	0.000371057513915
55	19	0.000371057513915
55	20	0.000371057513915
55	23	0.000371057513915
55	24	0.000371057513915
55	25	0.000371057513915
55	33	0.000371057513915
55	36	0.000371057513915
55	37	0.000371057513915
55	38	0.000371057513915
55	40	0.000371057513915
55	41	0.000371057513915
55	42	0.000371057513915
55	46	0.000371057513915
55	48	0.000371057513915
55	55	0.0025974025974
55	56	0.000742115027829
55	59	0.00185528756957
55	63	0.00148423005566
55	64	0.0025974025974
55	65	0.00185528756957
55	66	0.00148423005566
55	78	0.0025974025974
55	80	0.00111317254174
55	81	0.000371057513915
55	82	0.00185528756957
55	84	0.000371057513915
56	6	0.000371057513915
56	7	0.000371057513915
56	8	0.000371057513915
56	9	0.000371057513915
56	10	0.000371057513915
56	11	0.000371057513915
56	14	0.000371057513915
56	15	0.000371057513915
56	19	0.000371057513915
56	20	0.000371057513915
56	23	0.000371057513915
56	24	0.000371057513915
56	25	0.000371057513915
56	33	0.000371057513915
56	36	0.000371057513915
56	37	0.000371057513915
56	38	0.000371057513915
56	40	0.000371057513915
56	41	0.000371057513915
56	42	0.000371057513915
56	46	0.000371057513915
56	48	0.000371057513915
56	55	0.000742115027829
56	56	0.000742115027829
56	59	0.000742115027829
56	63	0.000742115027829
56	64	0.000742115027829
56	65	0.000742115027829
56	66	0.000742115027829
56	78	0.000742115027829
56	80	0.000371057513915
56	81	0.000371057513915
56	82	0.000742115027829
56	84	0.000371057513915
59	6	0.000371057513915
59	7	0.000371057513915
59	8	0.000371057513915
59	9	0.000371057513915
59	10	0.000371057513915
59	11	0.000371057513915
59	14	0.000371057513915
59	15	0.000371057513915
59	19	0.000371057513915
59	20	0.000371057513915
59	23	0.000371057513915
59	24	0.000371057513915
59	25	0.000371057513915
59	33	0.000371057513915
59	36	0.000371057513915
59	37	0.000371057513915
59	38	0.000371057513915
59	40	0.000371057513915
59	41	0.000371057513915
59	42	0.000371057513915
59	46	0.000371057513915
59	48	0.000371057513915
59	55	0.00185528756957
59	56	0.000742115027829
59	59	0.00185528756957
59	63	0.00148423005566
59	64	0.00185528756957
59	65	0.00185528756957
59	66	0.00148423005566
59	78	0.00185528756957
59	80	0.000371057513915
59	81	0.000371057513915
59	82	0.00148423005566
59	84	0.000371057513915
63	6	0.000371057513915
63	7	0.000371057513915
63	8	0.000371057513915
63	9	0.000371057513915
63	10	0.000371057513915
63	11	0.000371057513915
63	14	0.000371057513915
63	15	0.000371057513915
63	19	0.000371057513915
63	20	0.000371057513915
63	23	0.000371057513915
63	24	0.000371057513915
63	25	0.000371057513915
63	33	0.000371057513915
63	36	0.000371057513915
63	37	0.000371057513915
63	38	0.000371057513915
63	40	0.000371057513915
63	41	0.000371057513915
63	42	0.000371057513915
63	46	0.000371057513915
63	48	0.000371057513915
63	55	0.00148423005566
63	56	0.000742115027829
63	59	0.00148423005566
63	63	0.00148423005566
63	64	0.00148423005566
63	65	0.00148423005566
63	66	0.00148423005566
63	78	0.00148423005566
63	80	0.000371057513915
63	81	0.000371057513915
63	82	0.00111317254174
63	84	0.000371057513915
64	6	0.000371057513915
64	7	0.000371057513915
64	8	0.000371057513915
64	9	0.000371057513915
64	10	0.000371057513915
64	11	0.000371057513915
64	14	0.000371057513915
64	15	0.000371057513915
64	19	0.000371057513915
64	20	0.000371057513915
64	23	0.000371057513915
64	24	0.000371057513915
64	25	0.000371057513915
64	33	0.000371057513915
64	36	0.000371057513915
64	37	0.000371057513915
64	38	0.000371057513915
64	40	0.000371057513915
64	41	0.000371057513915
64	42	0.000371057513915
64	46	0.000742115027829
64	48	0.000742115027829
64	55	0.0025974025974
64	56	0.000742115027829
64	59	0.00185528756957
64	63	0.00148423005566
64	64	0.00779220779221
64	65	0.00185528756957
64	66	0.00148423005566
64	78	0.00519480519481
64	80	0.00371057513915
64	81	0.00296846011132
64	82	0.00519480519481
64	84	0.000742115027829
65	6	0.000371057513915
65	7	0.000371057513915
65	8	0.000371057513915
65	9	0.000371057513915
65	10	0.000371057513915
65	11	0.000371057513915
65	14	0.000371057513915
65	15	0.000371057513915
65	19	0.000371057513915
65	20	0.000371057513915
65	23	0.000371057513915
65	24	0.000371057513915
65	25	0.000371057513915
65	33	0.000371057513915
65	36	0.000371057513915
65	37	0.000371057513915
65	38	0.000371057513915
65	40	0.000371057513915
65	41	0.000371057513915
65	42	0.000371057513915
65	46	0.000371057513915
65	48	0.000371057513915
65	55	0.00185528756957
65	56	0.000742115027829
65	59	0.00185528756957
65	63	0.00148423005566
65	64	0.00185528756957
65	65	0.00185528756957
65	66	0.00148423005566
65	78	0.00185528756957
65	80	0.000371057513915
65	81	0.000371057513915
65	82	0.00148423005566
65	84	0.000371057513915
66	6	0.000371057513915
66	7	0.000371057513915
66	8	0.000371057513915
66	9	0.000371057513915
66	10	0.000371057513915
66	11	0.000371057513915
66	14	0.000371057513915
66	15	0.000371057513915
66	19	0.000371057513915
66	20	0.000371057513915
66	23	0.000371057513915
66	24	0.000371057513915
66	25	0.000371057513915
66	33	0.000371057513915
66	36	0.000371057513915
66	37	0.000371057513915
66	38	0.000371057513915
66	40	0.000371057513915
66	41	0.000371057513915
66	42	0.000371057513915
66	46	0.000371057513915
66	48	0.000371057513915
66	55	0.00148423005566
66	56	0.000742115027829
66	59	0.00148423005566
66	63	0.00148423005566
66	64	0.00148423005566
66	65	0.00148423005566
66	66	0.00148423005566
66	78	0.00148423005566
66	80	0.000371057513915
66	81	0.000371057513915
66	82	0.00111317254174
66	84	0.000371057513915
78	6	0.000371057513915
78	7	0.000371057513915
78	8	0.000371057513915
78	9	0.000371057513915
78	10	0.000371057513915
78	11	0.000371057513915
78	14	0.000371057513915
78	15	0.000371057513915
78	19	0.000371057513915
78	20	0.000371057513915
78	23	0.000371057513915
78	24	0.000371057513915
78	25	0.000371057513915
78	33	0.000371057513915
78	36	0.000371057513915
78	37	0.000371057513915
78	38	0.000371057513915
78	40	0.000371057513915
78	41	0.000371057513915
78	42	0.000371057513915
78	46	0.000371057513915
78	48	0.000371057513915
78	55	0.0025974025974
78	56	0.000742115027829
78	59	0.00185528756957
78	63	0.00148423005566
78	64	0.00519480519481
78	65	0.00185528756957
78	66	0.00148423005566
78	78	0.00705009276438
78	80	0.00296846011132
78	81	0.00222634508349
78	82	0.00445269016698
78	84	0.000371057513915
80	6	0.000371057513915
80	7	0.000371057513915
80	8	0.000371057513915
80	9	0.000371057513915
80	10	0.000371057513915
80	11	0.000371057513915
80	14	0.000371057513915
80	15	0.000371057513915
80	19	0.000371057513915
80	20	0.000371057513915
80	23	0.000371057513915
80	24	0.000371057513915
80	25	0.000371057513915
80	33	0.000371057513915
80	36	0.000371057513915
80	37	0.000371057513915
80	38	0.000371057513915
80	40	0.000371057513915
80	41	0.000371057513915
80	42	0.000371057513915
80	46	0.000371057513915
80	48	0.000371057513915
80	55	0.00111317254174
80	56	0.000371057513915
80	59	0.000371057513915
80	63	0.000371057513915
80	64	0.00371057513915
80	65	0.000371057513915
80	66	0.000371057513915
80	78	0.00296846011132
80	80	0.00482374768089
80	81	0.00148423005566
80	82	0.00296846011132
80	84	0.000371057513915
81	6	0.000371057513915
81	7	0.000371057513915
81	8	0.000371057513915
81	9	0.000371057513915
81	10	0.000371057513915
81	11	0.000371057513915
81	14	0.00185528756957
81	15	0.00185528756957
81	19	0.00111317254174
81	20	0.00222634508349
81	23	0.00111317254174
81	24	0.00185528756957
81	25	0.00185528756957
81	33	0.000371057513915
81	36	0.000371057513915
81	37	0.000371057513915
81	38	0.000371057513915
81	40	0.000371057513915
81	41	0.000371057513915
81	42	0.000371057513915
81	46	0.0025974025974
81	48	0.00296846011132
81	55	0.000371057513915
81	56	0.000371057513915
81	59	0.000371057513915
81	63	0.000371057513915
81	64	0.00296846011132
81	65	0.000371057513915
81	66	0.000371057513915
81	78	0.00222634508349
81	80	0.00148423005566
81	81	0.00890538033395
81	82	0.00630797773655
81	84	0.00222634508349
82	6	0.000371057513915
82	7	0.000371057513915
82	8	0.000371057513915
82	9	0.000371057513915
82	10	0.000371057513915
82	11	0.000371057513915
82	14	0.00185528756957
82	15	0.00185528756957
82	19	0.00111317254174
82	20	0.00185528756957
82	23	0.00111317254174
82	24	0.00185528756957
82	25	0.00185528756957
82	33	0.000371057513915
82	36	0.000371057513915
82	37	0.000371057513915
82	38	0.000371057513915
82	40	0.000371057513915
82	41	0.000371057513915
82	42	0.000371057513915
82	46	0.00296846011132
82	48	0.00371057513915
82	55	0.00185528756957
82	56	0.000742115027829
82	59	0.00148423005566
82	63	0.00111317254174
82	64	0.00519480519481
82	65	0.00148423005566
82	66	0.00111317254174
82	78	0.00445269016698
82	80	0.00296846011132
82	81	0.00630797773655
82	82	0.0122448979592
82	84	0.00222634508349
84	6	0.00371057513915
84	7	0.00296846011132
84	8	0.00333951762523
84	9	0.00445269016698
84	10	0.00408163265306
84	11	0.00593692022263
84	14	0.000371057513915
84	15	0.000371057513915
84	19	0.000371057513915
84	20	0.000371057513915
84	23	0.000371057513915
84	24	0.000371057513915
84	25	0.000371057513915
84	33	0.00148423005566
84	36	0.00111317254174
84	37	0.000742115027829
84	38	0.00148423005566
84	40	0.00148423005566
84	41	0.00148423005566
84	42	0.00148423005566
84	46	0.0025974025974
84	48	0.00371057513915
84	55	0.000371057513915
84	56	0.000371057513915
84	59	0.000371057513915
84	63	0.000371057513915
84	64	0.000742115027829
84	65	0.000371057513915
84	66	0.000371057513915
84	78	0.000371057513915
84	80	0.000371057513915
84	81	0.00222634508349
84	82	0.00222634508349
84	84	0.0107606679035
