PROTOTYPE 1
BEGIN
SEGMENT 
MATRIX K=2183 N=855285851 P=0.00000000 S=1.240159 W=1.000000
50     A     C     D     E     F     G     H     I     K     L     M     N     P     Q     R     S     T     V     W     Y 
 0   105     2   118   117    17    65    53    28   298    54   463   143   157   109   157   135   124    19     5    14 
 1    63    25    23    21   147    25    12   578   146   206    35    32   155    20    64    34    70   267     5   255 
 2    83     1   261   147     8    40    30    13   840    16     5    63    46   135   289    83   100     7     6    10 
 3   797    56     0     0    18   212    50   107     0   454    30    40     1     3     0    34   220   123     3    35 
 4   202    53     0     0   131     0     0   630     0   231    14     0     0     0     0     1     0   897     0    24 
 5   199    38     0     0   231    10     0   746     0   550    10     0     0     0     0     0     5   394     0     0 
 6     0     0     0     0  1873     0     0     0     0    95    16     0     0     0     0    82    50     0    67     0 
 7     0     0  2183     0     0     0     0     0     0     0     0     0     0     0     0     0     0     0     0     0 
 8    15   172     0     0   149     0    12   183   212   677   463    18     0     0     6     5     1   205    53    12 
 9     1     0  1993     0     0     0     0     0     0     0     0     1     0     0     0     0   169     0     0    19 
10     0     0     0     0     0  2172     0     0     0     0     0    11     0     0     0     0     0     0     0     0 
11     0     1     0     0     0     0     0     3     0   117     0     0     0     0     0     0  1667   395     0     0 
12     0     0     0     0     3     0     0   250     0  1870    52     0     0     0     0     0     0     8     0     0 
13   165    39     0     3   108     7     2   353     0   490    46     5     0     0     0    28   358   490    46    43 
14    11     6  1260   148     3     5    34    12    52    30     3   322    38    44    53    64    77    21     0     0 
15    34     7    64    55    58   237    31    30    16    35    13    56    74     6    18   857   548    31     6     7 
16   198     2   151   563    28   105    68    60   150    89    96   129    13    89   102    93   117    90     9    31 
17   135     5   112   165    64   130   108    58   171   115    43    58   425    70   143   159   109    61    11    41 
18   169    24   261   110    77   142    66   163    84   313    54    51    43    75    87   106    77   174    21    86 
19    79    25    25    44    94    59   207   419    39   277    51    60    24    25    26    94    35   282   169   149 
20   239    23    78   109   119    70    86   130    63   175    61    63    93    62   108   159   201   208    28   108 
21   219    10   183   262    67    91    56    56   189    97    14    95   123   166   230   106    83    68    17    51 
22   647    79    52   102    49    65    13   153    41   102    35    26    54    19    62   270    96   234    39    45 
23   154    21    47    73   183    81    38   131    60   259   104    86    20    42    60    91   191   167   295    80 
24   161    12    81   195    63    45    42   106   197   118    30   292    65   191   214    81   103   118    18    51 
25   234    12   133   366    61    44   106    66   170   135    35    76    37   162   179    97    79    73    19    99 
26   498    27    46    81   107    44    16   157    32   267   105    30    13    39    36    82   199   308    49    47 
27   327    49    61    39   240   110    20   196    72   614    58    37    45    14    63    66    36    97     8    31 
28   308    18   131   252    48    84    45    68   246   144    24   101    17   121   244   114   105    62    26    25 
29   217    10   147   388    56    65    86    33   260   114    17    65    58   144   229   123    89    31    12    39 
30   157    45    48   130   200    24   172   125    80   445    77    56    21    57   112    53    43    77    27   234 
31   120    12   106   103    55   831    32    57   113   142    24   127    38    94    92    86    43    64    15    29 
32   145     7    81   163   116   114    73   189   178   370    37    53    49    92   148    56    31   160    16   105 
33   156    11   205   224    26   109    53    66   176   146    24    99   331   110   125   101   118    74    11    18 
34   115    23    95   123   118   248    50   163   107   254    56    82   181    54    81    65    88   161    43    76 
35   121    13   171   108    50   126    67   187    77   222    41    47   210    56    77   153   202   178    21    56 
36   176    15   171   228    46   108    63   131   112   192    41    65   202    53    85   147   149   112    37    50 
37   219    15   200   323   130    71    42   123    77   203    25    62    88    76    90    95    70   161    58    55 
38   228    17   214   297   121    44    56   134   102   190    48    60    51   101    79    91    97   177    21    55 
39   209    45   116   212   133    59    42   185    94   246    52    65    57   106    79   111    72   186    15    99 
40   323    37    66   180    62    35    60   219    90   268    41    48    31    75   111   103   107   202    19   106 
41   209    19    78   188    46    78    45    77   163   160    31    84    64   124   271   212   211    76     5    42 
42   129    25    65    84   102   268   126    97    94   244    60    69    69    83   148   129   176    76    20   119 
43   126    26    42    88   202   175    56   170    85   191    90    35    34    49   289   128   109   152    38    98 
44   141    13    41    71    63   450    71   203    70   140    62    39   101    71   161   145   108   182    12    39 
45    89    14    48    65    56   561    75   105    83   214   109    53   123    44   131   126    88    92    12    95 
46   139    10   107    73    74   171   112    81    98   199    44   166   201    74   167   188   125    61    21    72 
47   154    12    71    99    61   348    42    90    74   142    69    64   222    42   142   242   143    83    23    60 
48   292    18   110   144    54   130    37   183    95   314   100    46    71    60    98   116   120   141    13    41 
49   223    21   158   210    70   101    60   115   133   129    57    58    91   105   211   116   133   115    25    52 
END
