PROTOTYPE 1
BEGIN
SEGMENT 
MATRIX K=42 N=855285851 P=0.00000000 S=-0.668302 W=1.000000
50     A     C     D     E     F     G     H     I     K     L     M     N     P     Q     R     S     T     V     W     Y 
 0     6     0    10     3     0     5     0     1     2     1     0     4     1     0     0     7     2     0     0     0 
 1     1     0     3     1     0    19     0     0    13     1     0     0     0     0     2     1     1     0     0     0 
 2     3     0     0     0     4    14     2     3     1     1     0     1     0     2     2     3     4     2     0     0 
 3     1     2     1     1     4     0     0     0     1    10     3     0     0     1     4     3     3     6     1     1 
 4     4     0     0     0    11    18     2     0     0     0     0     0     0     0     0     1     1     3     0     2 
 5     0     0     0     1     1     0     0     1     0     1     1     0     0     1    31     2     1     1     1     0 
 6    27     0     0     1     0     4     1     0     0     0     0     0     0     1     0     5     2     1     0     0 
 7    14     1     2     1     0     1     0    10     0     3     3     0     0     0     1     6     0     0     0     0 
 8    12     2     0     0     0     0     0     1     0     0     0     0     0     0     0     0     0    27     0     0 
 9     0     0     0     0     0     0     2     0     0     0     0     0    39     0     0     1     0     0     0     0 
10     5     0     0     0     0     0     0     0     0     0     0     0     0     0     0    35     2     0     0     0 
11     0     0     0     0     0    41     0     0     0     1     0     0     0     0     0     0     0     0     0     0 
12    36     0     0     0     0     0     0     2     0     0     0     0     0     0     1     1     2     0     0     0 
13     0     0     0     0     0     0     0     0     0     0     0     0     0     0     0    42     0     0     0     0 
14     1     0     0     0     0     0     0     0     4     1     0     0     0     0     3     0    29     4     0     0 
15     0     0     0     0     0    41     0     0     0     0     0     0     0     0     0     0     1     0     0     0 
16     4     0     2     5     0     0     0     8     4     1     0     0     0     2     1     7     5     3     0     0 
17     2     0     0     0     6     0    12     0     5     0     0     1     0     1     5     0     1     1     0     8 
18     0     0     0    41     0     0     0     0     0     0     0     0     1     0     0     0     0     0     0     0 
19    40     0     0     0     0     0     0     0     0     0     0     0     0     0     0     1     0     1     0     0 
20     0     1     0     0     2     0     2     7     0    18     0     0     2     0     0     1     0     8     0     1 
21     2     0     1    34     0     0     0     0     0     0     0     0     0     0     0     2     0     3     0     0 
22     0     0     0     0     2     0     0     0     0    37     2     0     0     0     0     0     0     1     0     0 
23     0     0     0     0     0     0     0     0     0     3     0     0     1     0    37     1     0     0     0     0 
24     0     0    38     1     0     0     0     0     1     0     0     1     1     0     0     0     0     0     0     0 
25     1     0     0     2     0    28     1     1     3     0     0     3     0     2     0     1     0     0     0     0 
26     0     0    25     5     0     8     0     1     0     0     0     1     0     0     1     1     0     0     0     0 
27     4     0     1     5     0     3     1     1    17     0     0     1     3     2     0     0     3     1     0     0 
28     5     0     4     2     1     2     1     1     3     2     0     2     0     3     5     8     3     0     0     0 
29     1     0     2     1     2     0     0     1     4     3     0     0     0     1    14     0     1     3     2     7 
30     1     0     1     1     6     4     1     0     0     0     0     3     0     0     1     2     1     2     4    15 
31     2     0     1     1     2    13     0     1     2    11     2     0     0     2     3     1     0     1     0     0 
32     2     1     0     1     1    23     0     1     4     2     0     2     0     1     3     0     0     0     0     1 
33     1     0     2     0     1     8     0     0    17     4     0     2     0     0     1     1     1     1     2     1 
34     0     0     0     0     2    22     0     0     0     2     0     0     0     0     0     4     2    10     0     0 
35     2     0     1     2     0     1     0     1     1     3     0     0     0     0     3     3     0    25     0     0 
36     0     0     0     1     1     1     2     2     4    12     0     0     1     0     4     3     8     2     0     1 
37     9     0     0     0     0     0     0     0    19     1     0     5     1     2     1     1     1     2     0     0 
38    24     0     0     0     0     1     1     2     0     1     0     1     0     0     1     3     0     8     0     0 
39     1     0     3     1     0     0     1     2     0     2     0     1     0     2     1     3     0    24     0     1 
40     4     0     5     8     0     2     3     1     4     2     0     5     0     3     3     2     0     0     0     0 
41     1     0     0     0     2     1     6     7     0     2     0    15     0     0     0     1     2     4     0     1 
42     1     0     1     1     0     1     0    13     0     1     0     6     0     0     3     0     1    14     0     0 
43     0     0     1     5     0     2     0     3     1     1     0    17     1     3     2     1     2     3     0     0 
44     1     0     2     6     0     4     3     1     7     3     0     3     0     1     1     4     2     3     0     1 
45     2     0     0     9     1     0     0     8     1     6     0     1     0     1     1     0     6     6     0     0 
46     6     0     0     0     0     2     1    20     1     6     0     1     0     0     2     1     0     2     0     0 
47    19     0     1     1     0     6     0     0     2     0     0     1     5     0     4     2     0     1     0     0 
48     5     0     3     2     0     0     0     1     3     5     0     1    17     2     1     0     1     1     0     0 
49    20     0     2     0     0     0     1     2     1     9     1     0     1     0     1     1     1     2     0     0 
END
PROTOTYPE 1
BEGIN
SEGMENT 
MATRIX K=1015 N=855285851 P=0.00000000 S=1.052799 W=1.000000
50     A     C     D     E     F     G     H     I     K     L     M     N     P     Q     R     S     T     V     W     Y 
 0    45     4   107    56    28    48    40    49    28    91    18    80    33    72    76    60    61    75     0    44 
 1   188    29    39    30    15   143     9    49    18    33    17    30    85    23    23    74    45   144     9    12 
 2    62     5    70    81    35   103    45    31    70    53     7    50    60    38    50    82    82    78     1    12 
 3    73     2    94   101     9    59    37    15    64    55     9    51    72    46    75   135    79    26     2    11 
 4    40     8    37    34   236    52    12    72    28   101    34    17    16    38    37    64    30    79    19    61 
 5    54     5    48   133    34    58    38    35    69    40    27    31     6    49   131    85   102    47     2    21 
 6    60     9    20    76    23    17     9    66   112    72    75     7    39    72    95    57    79    79    16    32 
 7    77    31    26    35    67    77    52    31    28    48    12    58     1    44    80   132    49    77     7    83 
 8    96    27     4     9    83    46     8    61     4   134    20     7   244     6    47    35    24   114     2    44 
 9    65     0     0     0     0   840     0     1     0    41     0     0    33     0     0    24     0    11     0     0 
10     0     0     1     0     0  1011     0     0     0     0     0     0     0     0     0     3     0     0     0     0 
11   247    30    31     2     1   120     3     1   231     1     3    47    19     5     2   168    30    74     0     0 
12   284    16     2   114     0   293     0     9     0     1     1     6   191     0     0    33    24    41     0     0 
13   432    31     0     0    68    81    10    25     1   108    11     3     5     2    49    80    31    50     3    25 
14     0     0     2     0     0    13     2    15     0     1     1   955     0     0     0     7    19     0     0     0 
15    46     1     0     4    53     6     3    99     5    19    15     4     3   193     2    23   120   416     0     3 
16   739    48     0     0     1    18     0    33     0    66    19     0     0     0     0    50     7    33     0     1 
17    76    36    15    40    24     6    15   148    12    56    20    15     0    12    60    36    42   339    11    52 
18   342    23     5     0    10   163    50    15     0    12    20   138     1    30     7    57    36    66    14    26 
19   225    35     0     0    18     9     1    86     0   491    40     1     0     0     0    20    16    65     4     4 
20   456     6     2     7     3    80    27     7    56     7     4    19     0    25    52   192    34    32     3     3 
21    68     5    15    12     5    22    18     4   159    34    12    33     0    75   470    40    12    10     4    17 
22    48    11     2     3    62     2     4     9     1   738    39     7     0    25     1    22     3     9    12    17 
23     2     0    33    15     0   910     4     0    10     1     1    21     1     3     0    12     1     0     0     1 
24   217    28    17    27    19   129    98    61    12   106    16    16     0    16    24    48    42   123     5    11 
25    35     2   146   114     3     9    19     5   133     5     0    69   132    70   134    92    36     5     0     6 
26   145    56     0     0     0    20     2    11     0     1     2     5    67     0     0    97   224   380     0     5 
27   198    15    27    41    35   102    40    33    32    45     4     6     0    23    87   114   101    51     3    58 
28    34    11     0     0   298     1    21    61     0   259   117     4     8     2     0     5     4    41    52    97 
29    98    24     1     1    67    12     9   313     0   157    34     0     0     2     1    18    18   241     6    13 
30    95    22     5     1     0   456     0     5     0     3     1     0     0     0     0   257   166     3     1     0 
31   176    59     2     6    25    19    14    21   173    31    19    12    28    33   189    42    42   112     9     3 
32    23     7     0     0    32     1     0   158     0   233    13     0     0     0     8     3    27   499     4     7 
33    47     4     0     0     0   838     1     0     4     0     1     3    56     0     1    53     4     3     0     0 
34    64     2   297    65     3    38    15     5    68     8     5   165    12    48    75    67    66     4     0     8 
35     6     0   878    19     0    31     2     0     1     1     0    56     0     0     2    17     0     2     0     0 
36   129     2   108   137    40    52    23    29    24    38    30    37   132    47    32    75    35    26     5    14 
37    98     1    53    53   276    33    27    39     7   138    27    48    20    18    24    29    16    25    13    70 
38   120     3    10    13    13   758     0     1     0     6     2     5     1     2    10    49     3     2    12     5 
39    82     1   161   160     5    18    32    11    90    33     4    39    12    73   175    43    34    19     5    18 
40    91     7    33    89   156    11    33    54    44   105    49    21     3    68    79    40    23    34    25    50 
41   120    18     7    17    41     5     4   217     3   334    30     6     0    11    11     6    16   127     0    42 
42    58    18     4    55    14    13    20   112    70   275    19     4     0    42   161    14    29    75    12    20 
43   120     1   118   178     5    32    22     4    86    50     9    74     0    96    99    75    29     4     1    12 
44   109     5    74   121    52    27    71    28    42    72    12    50     4    54    52    66    77    39     8    52 
45    47    22     4     9    74     6     3    69     4   588    72     3     0     5    11    16    20    29    24     9 
46   105     6    44   147     2    19    32    13   144    29     8    45     5    93   170    67    48    29     2     7 
47   130     4    86   160     5    81    18     1   138    17     4    62     5    56   107   100    28     8     2     3 
48   115    16    37   215    29    18    41    36    30    67    11    83     6    43    59    62    19    44    18    66 
49    16     1    49    24     2   642    34     8    36    19     6    78    13    32    24    17     4    10     0     0 
END
PROTOTYPE 1
BEGIN
SEGMENT 
MATRIX K=14044 N=855285851 P=0.00000000 S=0.850671 W=1.000000
50     A     C     D     E     F     G     H     I     K     L     M     N     P     Q     R     S     T     V     W     Y 
 0  1193   120   839  2093    77   906   434   193  1302   354    98   822   543  1261  1269  1249   901   262    19   109 
 1   608   121   793  1777   445  1154  1068   319   762  1014   146  1104   476  1185   694   691   745   371   174   397 
 2   795   106  1023   957   146   489   691   223  1402   544   177   726  1588  1155  1732   995   710   346    44   195 
 3   314   136     8    11  2723    20    78  1424    13   207    46    17  5310    17    24    40    83  1197   125  2251 
 4   647    53  9846   474    36   311   542    21   206    41    14   415    49   459   169   564   123    54     4    16 
 5   969   497     0     0   219   100     5  2058     2  6757   395     2     2     3     0    11    53  2926    11    34 
 6   800   140     0     1   130    18     0  5349     0  1554   342     0     0     1     0    10    53  5573    11    62 
 7    17    50     0     0  1608     0     0  3442     1  6554   195     0     0     0     1     9   257  1838    51    21 
 8   267   470     0     0    85     0     2   499     0  5360  3271     0     1    12     1  1423  1968   682     2     1 
 9     9     0 13889    86     0    12     0     0     0     0     0    34     0     0     2    12     0     0     0     0 
10   163   378    20    41   219    41   135  4845    27  2809   828    73     7   189   139    39    48  2934   460   649 
11   305   105   352  1106   120   604   666   337   760   410  2179  1498     5  2047  1565   694   391   647    73   180 
12     3     0     0     2    20     0     1   143     2  3195 10580     1     2     0     1     2    17    74     0     1 
13   115     1    93   149     3   204    19     8   115    19     5    50 12955    69    60   124    38    17     0     0 
14   144    18  1956  1915   123  3757   237   605   885   231    59   567   100   372   896   150   134  1739    17   139 
15   220   124    54   322   197   576    30  1319   542  2172  6805    16    45   181   252   123   288   672    20    86 
16    27    20  7374   115    12   435    74     7    75    49    11  2682    47    79    52  2153   797    15     4    16 
17    55     2     0     5     1 13939     0     0     0     0     0     2     2     0     1    31     6     0     0     0 
18   273    52   224   204  2242    55   162  2358   130  3808   527    71   195    99   265    99   253   918   311  1798 
19   953    12  1877  6616    19   320    93    31   267    75    91   117    12  1284   172   792  1118   123    20    52 
20  3097   201     2     7  1216    79     4   585     2  4439   414     2     0     3     1   113  1086  2705    68    20 
21  2148  1886     0     3   202   104    40  1311    10  3911   345    10     1   111    31   386  2518   866     7   154 
22  1043    33   382  1709    28   274   277   124  2466   188    72   239   126  1333  4412   702   440   140    14    42 
23  1642    64   182  2064   157    92   532   565  1536   883   277   274    17  1461  2529   376   550   327   246   270 
24   511    68     1     3   238    16    12  6188     6  4573   564     1     2    19    26    41    93  1554    70    58 
25   321    66    77   123    38   138   296   141  2905   513   239   223    63   553  7661   251   193   174    17    52 
26  2366    36   595  2483    40   491   241    84  1718   286    82   653    76  1578  1158  1423   551   138     9    36 
27   651    61  1486  1054   421   289   638   910   807  1708   519   937    76   896  1357   863   595   372   176   228 
28   770   156  1166  1613   476  1241   545   179   599   538   170   842  1878   531   704  1167   353   230   192   694 
29  1074   105   860   897   196   740   326   459   930   617   151   710  3260   687  1100   889   405   359    49   230 
30   809   161  1457  1171   494   833   405   434   634  1355   175   682   670   557   542   778  1742   563   203   379 
31  1456   308   392   418   137   483   232  1198   864  1276   298   460  1301   713   999   815  1413  1110    35   136 
32   876   106   923   684   220   770   815   948  1321   457   141   595  2538   567   948   606   391   898    34   206 
33   435   153   127   101   573   175   108  4451   280  1614   209   123   538   144   565   190   837  3285    41    95 
34   430    54    96   105   388   138   156  3527   322  1551   570    89  3580   132   345   224   433  1735    22   147 
35   778    72    59    53  1266   178    68  3505   111  2073  1100    48   498    72   221   137   292  3292    27   194 
36   491   244    40    40   501    80   109  3965    63  2995   882    38   553    63    76   590   993  2132     9   180 
37  1608    45    50    39   821   225    55  1230    65  1019   995    37   507    49    74  2521  3631   961     6   106 
38  2565   149   119   117   240  2511   119  1523   259  2176   814   170   121   118   367   724   595  1144    14   199 
39  1047    58   479   195   749   427   933   625   281   724   304   351    66   205   418  1816  3053   568    39  1706 
40  3722    67  1312   687   100  1774   131   388   188   490   282   434   272   245   219  1846  1257   419    14   197 
41  1182    60  2046  1686   186   505   370   297   765  1208   355   654   183   510   774  1313  1171   448    47   284 
42  1753    59  1452  1333   707   781   252   743   404   630   310   616   444   359   326  1145  1342   910    63   415 
43  1923    41  2261  2159   328   736   305   334   360   551   390   620   356   661   429  1195   662   495    15   223 
44  1260    38  1521  1292   408   321   348   746   715   938   436   527   534   512   671   936   959   883    30   969 
45  2573    38   982  1681   360   508   196  1033   780   871   271   305   314   479   845   652   553  1418    13   172 
46  1136    31  1882  1270   278   457   409   914   801  1033   453   427   165   764   896   838   535  1532    23   200 
47  1173    43   887  2042   358   900   253   674  1349   705   238   347   187   961  1914   596   469   685    17   246 
48  3410   316   876  1285   354  1079   142   668   480  1332   280   247   102   552   771   671   325   939    19   196 
49  1074   131   764  1374   474   333   270  1323  1038  2100   841   251    92   672  1328   397   373   924    57   228 
END
