PROFILE 3
BEGIN
MATRIX K=8 L=28
  28    A    C    D    E    F    G    H    I    K    L    M    N    P    Q    R    S    T    V    W    Y    .
   0    1    1    0    0    0    0    0    0    2    0    2    1    0    0    0    0    0    0    0    1    0
   1    0    0    0    0    1    0    0    4    1    1    0    0    0    0    0    0    1    0    0    0    0
   2    0    0    0    1    0    0    0    0    5    0    0    0    0    0    1    1    0    0    0    0    0
   3    3    0    0    0    1    1    0    0    0    1    0    0    0    0    0    0    0    2    0    0    0
   4    1    0    0    0    0    0    0    3    0    0    0    0    0    0    0    0    0    4    0    0    0
   5    2    1    0    0    0    0    0    2    0    2    0    0    0    0    0    0    0    1    0    0    0
   6    0    0    0    0    6    0    0    0    0    0    0    0    0    0    0    1    1    0    0    0    0
   7    0    0    8    0    0    0    0    0    0    0    0    0    0    0    0    0    0    0    0    0    0
   8    1    0    0    0    1    0    0    0    1    3    0    0    0    0    0    0    0    1    1    0    0
   9    1    0    4    0    0    0    0    0    0    0    0    0    0    0    0    0    1    0    0    2    0
  10    0    0    0    0    0    7    0    0    0    0    0    0    0    0    0    1    0    0    0    0    0
  11    0    0    0    0    0    0    0    0    0    0    0    0    0    0    0    0    5    3    0    0    0
  12    0    0    0    0    0    0    0    1    0    6    0    0    0    0    0    0    1    0    0    0    0
  13    1    0    0    0    2    0    0    0    0    0    0    0    0    0    0    0    3    2    0    0    0
  14    0    0    5    0    0    0    0    0    0    1    0    1    0    0    0    0    1    0    0    0    0
  15    0    0    0    0    0    1    0    0    0    0    0    2    1    0    0    0    1    2    0    1    0
  16    1    0    0    1    0    1    1    0    0    0    0    0    0    3    0    1    0    0    0    0    0
  17    0    1    0    1    0    0    0    1    0    1    1    0    0    0    0    2    1    0    0    0    0
  18    1    0    0    0    1    0    1    1    0    0    0    0    0    0    0    1    0    2    0    1    0
  19    2    0    1    0    0    1    1    0    0    0    0    0    0    0    0    0    0    2    0    1    0
  20    1    1    2    1    1    1    0    0    0    0    0    0    1    0    0    0    0    0    0    0    0
  21    2    0    0    0    1    0    0    1    1    1    0    0    0    0    2    0    0    0    0    0    0
  22    2    1    0    1    0    0    0    0    0    0    1    1    0    0    1    0    1    0    0    0    0
  23    0    0    1    1    1    1    0    0    0    0    0    0    0    0    2    0    0    1    1    0    0
  24    0    0    0    3    1    0    0    1    1    0    0    0    0    0    1    1    0    0    0    0    0
  25    5    0    0    1    0    0    0    1    0    0    1    0    0    0    0    0    0    0    0    0    0
  26    0    0    1    2    1    1    0    1    0    1    0    0    0    0    0    0    0    0    0    1    0
  27    2    0    0    0    0    0    0    1    2    0    0    0    2    0    0    0    0    1    0    0    0
END
