PROFILE 3
BEGIN
MATRIX K=8 L=31
  31    A    C    D    E    F    G    H    I    K    L    M    N    P    Q    R    S    T    V    W    Y    .
   0    1    1    3    0    0    2    0    0    0    0    0    0    0    0    0    0    0    1    0    0    0
   1    0    0    0    0    1    0    0    2    0    2    1    0    0    0    0    0    0    0    0    2    0
   2    2    0    3    0    0    2    0    0    0    0    0    0    0    0    0    0    1    0    0    0    0
   3    0    0    0    0    2    0    5    0    0    0    0    0    0    0    0    0    0    0    0    1    0
   4    2    0    0    0    0    0    0    2    0    1    1    0    0    0    0    0    0    1    0    1    0
   5    3    0    0    0    0    4    0    0    0    0    0    0    0    0    0    0    1    0    0    0    0
   6    0    0    0    0    2    0    1    1    0    2    0    0    0    0    0    0    0    0    0    2    0
   7    2    0    0    2    0    1    0    0    1    0    0    1    0    0    0    1    0    0    0    0    0
   8    0    1    0    0    0    0    0    1    0    0    0    0    0    0    0    0    0    6    0    0    0
   9    2    0    2    0    0    0    0    0    0    0    0    0    2    0    0    0    0    1    0    1    0
  10    1    0    5    0    0    0    0    0    0    0    0    1    0    0    1    0    0    0    0    0    0
  11    5    0    0    1    0    1    0    0    0    0    0    0    0    0    0    0    0    1    0    0    0
  12    3    0    3    0    0    0    0    0    0    0    0    0    0    0    1    0    0    0    0    1    0
  13    2    0    0    2    1    1    0    0    0    0    1    0    0    0    0    1    0    0    0    0    0
  14    4    0    0    0    0    0    0    0    0    3    0    0    0    0    0    0    0    1    0    0    0
  15    1    2    0    1    0    0    0    0    0    0    0    0    0    0    2    1    0    0    0    1    0
  16    0    0    0    1    1    0    0    0    2    0    0    0    0    2    1    0    0    0    1    0    0
  17    2    0    0    0    0    0    0    0    1    1    2    0    0    0    1    0    0    0    0    1    0
  18    3    0    0    1    1    0    0    1    0    0    0    1    0    0    0    0    0    0    0    1    0
  19    0    0    2    1    1    0    0    0    0    0    0    0    0    2    2    0    0    0    0    0    0
  20    0    0    1    2    0    0    0    0    2    1    0    0    0    1    0    0    0    0    0    1    0
  21    0    0    0    1    0    0    0    0    0    4    0    1    0    0    1    0    1    0    0    0    0
  22    1    0    0    0    1    2    0    0    2    0    1    0    0    0    1    0    0    0    0    0    0
  23    1    0    0    0    0    2    1    0    0    1    0    0    0    2    0    0    0    1    0    0    0
  24    2    0    0    0    1    1    0    0    1    0    0    1    0    0    0    0    0    0    1    1    0
  25    0    0    0    0    1    3    1    0    0    0    0    1    0    0    0    0    0    2    0    0    0
  26    0    1    0    1    1    0    0    1    0    0    0    0    0    0    1    0    1    2    0    0    0
  27    3    0    0    1    0    0    0    0    0    0    0    0    0    0    1    0    0    0    0    0    0
  28    0    0    0    1    1    0    0    0    0    0    0    0    0    0    0    0    0    2    1    0    0
  29    0    0    0    1    0    0    0    0    1    0    0    0    0    0    0    0    2    0    0    0    0
  30    0    0    0    0    0    0    0    0    0    0    0    0    0    0    0    0    0    0    0    0    0
END
